/*
 _____     _____     _____ _____ _____ _____    |  High-order Python FOAM
|  |  |___|  _  |_ _|   __|     |  _  |     |   |  Python Version: 3.10
|     | . |   __| | |   __|  |  |     | | | |   |  Code Version: 0.0
|__|__|___|__|  |_  |__|  |_____|__|__|_|_|_|   |  License: GPLv3
                |___|
*/
FoamFile
{
    version     2.0;
    format      ascii;
    class       volVectorField;
    location    "27.0";
    object     U;
}

dimensions      [0 1 0 0 0 0 0]; 

internalField   nonuniform List<vector>
100
(
(0.01796455070127423 0.03075565881994427 0.0) 
(0.022423387273618207 0.048095836173562556 0.0) 
(0.028543062132275972 0.049643458623163696 0.0) 
(0.0368875875048324 0.050647823922199214 0.0) 
(0.045662521510809836 0.05106529075662188 0.0) 
(0.054534727533070836 0.051058475661951944 0.0) 
(0.06332006036382455 0.0506062922742273 0.0) 
(0.0717080613296994 0.04954039626630008 0.0) 
(0.0777902949425355 0.04770191933276635 0.0) 
(0.08282386663011483 0.03049570710946414 0.0) 
(0.013501980416069726 0.02053045115915388 0.0) 
(0.015718890019689413 0.03584932327236341 0.0) 
(0.024656373920182606 0.04132728170812856 0.0) 
(0.034734735644420756 0.042839123797243486 0.0) 
(0.044997277039976566 0.04331497474417873 0.0) 
(0.05520672917274511 0.043293163028481685 0.0) 
(0.06548380383422389 0.042762034196156005 0.0) 
(0.0755722875848569 0.04116071325076358 0.0) 
(0.08449914791313122 0.03559651960317784 0.0) 
(0.08653048493335912 0.02044159415006604 0.0) 
(0.010603635536549316 0.012003639943113889 0.0) 
(0.012018386791080603 0.024225495214297628 0.0) 
(0.0210018821529877 0.029598412254897337 0.0) 
(0.0324460586463273 0.03170038204901449 0.0) 
(0.04421353040017965 0.03231274899514147 0.0) 
(0.05594835359853778 0.03228556464152193 0.0) 
(0.06770642958911126 0.031616763884318555 0.0) 
(0.07911968096642619 0.029462318867512646 0.0) 
(0.08804079622663805 0.024096738593892962 0.0) 
(0.08945554330763927 0.011972977674087552 0.0) 
(0.010728036978015396 0.006724699129682623 0.0) 
(0.0100564731836721 0.01391848114441429 0.0) 
(0.018843140836376268 0.017739831802312332 0.0) 
(0.030821116304988044 0.019427186080589996 0.0) 
(0.04361708565664425 0.019984425937834525 0.0) 
(0.056488105618251835 0.019962050029598048 0.0) 
(0.06926712355831872 0.019363720368195243 0.0) 
(0.08120972453669163 0.017653898272452007 0.0) 
(0.0899624821117215 0.013846464194353814 0.0) 
(0.08921662762984349 0.006706680133959484 0.0) 
(0.010920537770196817 0.0021553772548597453 0.0) 
(0.009423446993295304 0.004569545467695875 0.0) 
(0.017882034455512317 0.005895375562646126 0.0) 
(0.030043574647180365 0.006533810192537371 0.0) 
(0.04330988148363562 0.006751604325442056 0.0) 
(0.05675105858102334 0.006737040376568752 0.0) 
(0.0700020957651107 0.006494308862724059 0.0) 
(0.08213935746934375 0.0058435095949674765 0.0) 
(0.09057903919741196 0.004528046428237298 0.0) 
(0.08908354703105306 0.002137666497370381 0.0) 
(0.010949401552958598 -0.0021222206996876387 0.0) 
(0.009427192455627708 -0.004561247896074667 0.0) 
(0.017885022631629256 -0.0059053459747747394 0.0) 
(0.030042348396212885 -0.006552609292104951 0.0) 
(0.043302279393236616 -0.006783464996774678 0.0) 
(0.05673748366346502 -0.006790894810366314 0.0) 
(0.0699853031142696 -0.006572974762345066 0.0) 
(0.08212383804727415 -0.0059337895318012255 0.0) 
(0.09057201386306009 -0.0045940306691566075 0.0) 
(0.08905467688943365 -0.0021439702007968317 0.0) 
(0.010756142936749162 -0.006695345829151759 0.0) 
(0.010077556900956318 -0.013917912100845191 0.0) 
(0.018856842635070686 -0.017745007694921214 0.0) 
(0.030818428133198735 -0.01943285914167312 0.0) 
(0.04359503554059332 -0.020002287072848804 0.0) 
(0.05644712000459446 -0.020004049285639133 0.0) 
(0.06921412412955227 -0.019438005298013157 0.0) 
(0.08116023601081905 -0.017751834553861312 0.0) 
(0.08992470351974037 -0.013933973652036826 0.0) 
(0.08921295045027984 -0.006721311719328301 0.0) 
(0.010722852488592975 -0.011998172476546614 0.0) 
(0.012090816503957023 -0.024240213825722046 0.0) 
(0.02102975325464026 -0.02958158351609976 0.0) 
(0.03244437779036907 -0.03168019543654144 0.0) 
(0.04418043123483439 -0.03230199811410762 0.0) 
(0.055881434002370785 -0.03229973817718875 0.0) 
(0.06761313634287014 -0.031675100279141645 0.0) 
(0.07902001268764636 -0.029573771316501428 0.0) 
(0.08797305753670981 -0.024220210274697365 0.0) 
(0.08929629761808218 -0.012008793237798465 0.0) 
(0.013880479550023498 -0.020580764651619197 0.0) 
(0.015798346876239804 -0.035829529740616865 0.0) 
(0.024690794383765258 -0.041280579490299375 0.0) 
(0.03473150399961947 -0.04278164129186843 0.0) 
(0.044955657326612386 -0.04326020794798647 0.0) 
(0.055124252847147996 -0.04326196667791142 0.0) 
(0.0653580032334467 -0.04277960731942436 0.0) 
(0.07541620619322825 -0.04126967811084518 0.0) 
(0.08430899370558888 -0.03581242104177195 0.0) 
(0.0865098814780795 -0.02053370283855721 0.0) 
(0.01797927116155107 -0.030836453024164594 0.0) 
(0.022493697829975692 -0.04803679128822031 0.0) 
(0.028556758724673535 -0.04957271064461909 0.0) 
(0.03687696030859288 -0.05055339520543561 0.0) 
(0.045623040603453846 -0.050971030789693006 0.0) 
(0.05446182472036321 -0.05097661908791064 0.0) 
(0.06321182170967965 -0.05056785128753807 0.0) 
(0.07153360095898527 -0.04957227050516652 0.0) 
(0.07762906567100915 -0.04802935651619999 0.0) 
(0.08205377505954002 -0.030736637430141128 0.0) 
)
;

boundaryField
{
	bottom
	{
		type	solidTraction;
		value	nonuniform List<vector>
10
(
(0.020488102664520867 0.036714226733907035 0.0) 
(0.025581537001061506 0.04974431871068761 0.0) 
(0.03099444847928421 0.05401543474807947 0.0) 
(0.03806091854442161 0.05453587571954534 0.0) 
(0.04602257316938069 0.05488340220112507 0.0) 
(0.054173628254133806 0.05487898969620981 0.0) 
(0.06215040807577781 0.05450494480631537 0.0) 
(0.06925079632241206 0.05387764442636366 0.0) 
(0.07486083949173279 0.0493992979704579 0.0) 
(0.08043052070089153 0.03637713731467857 0.0) 
)
;
	}
	top
	{
		type	solidTraction;
		value	nonuniform List<vector>
10
(
(0.02044360037226128 -0.03678574380226679 0.0) 
(0.025585941080684838 -0.04970450145176611 0.0) 
(0.03100518765538576 -0.0539284152346834 0.0) 
(0.03804553673613074 -0.0544282700062757 0.0) 
(0.045982916766959904 -0.054770849998339866 0.0) 
(0.05410495110964049 -0.05477825655172889 0.0) 
(0.062042196510101816 -0.05444473237964203 0.0) 
(0.06908644870224778 -0.05393489060535845 0.0) 
(0.07447772114490923 -0.049676343443573495 0.0) 
(0.07954223930689794 -0.03668220608047228 0.0) 
)
;
	}
	left
	{
		type	fixedValue;
		value	uniform (0.0 0.0 0.0);
	}
	right
	{
		type	fixedValue;
		value	uniform (0.1 0.0 0.0);
	}
	frontAndBackPlanes
	{
		type	empty;
	}
}
