/*
 _____     _____     _____ _____ _____ _____    |  High-order Python FOAM
|  |  |___|  _  |_ _|   __|     |  _  |     |   |  Python Version: 3.10
|     | . |   __| | |   __|  |  |     | | | |   |  Code Version: 0.0
|__|__|___|__|  |_  |__|  |_____|__|__|_|_|_|   |  License: GPLv3
                |___|
*/
FoamFile
{
    version     2.0;
    format      ascii;
    class       volVectorField;
    location    "89.0";
    object     U;
}

dimensions      [0 1 0 0 0 0 0]; 

internalField   nonuniform List<vector>
100
(
(0.015199843379028785 0.036622949405518794 0.0) 
(0.02008702459081379 0.04628810644623714 0.0) 
(0.028631690913091007 0.04689425210422801 0.0) 
(0.03739960722567719 0.04943966500472081 0.0) 
(0.045917950405114406 0.05090601424888667 0.0) 
(0.054405076358742005 0.05089008292724459 0.0) 
(0.0629563699419722 0.04938857149113803 0.0) 
(0.07183057902382468 0.04688354453723969 0.0) 
(0.08012630093611424 0.04587517092450287 0.0) 
(0.08587273759358419 0.035950464601110184 0.0) 
(0.016179025245919496 0.024380691010771765 0.0) 
(0.014942299644722665 0.036082639196672664 0.0) 
(0.024776591485173183 0.039882047890613746 0.0) 
(0.03514530989933283 0.04173453762847475 0.0) 
(0.04518803266382932 0.04277008910713775 0.0) 
(0.055133585894782615 0.04274514371930651 0.0) 
(0.06519822653717797 0.041655279266864735 0.0) 
(0.07557193847892568 0.039701094947387515 0.0) 
(0.08541119050513603 0.03569185319294635 0.0) 
(0.08395758480088157 0.02423141002934778 0.0) 
(0.01173198877127569 0.01317318886144271 0.0) 
(0.011079137822457799 0.02441619714768379 0.0) 
(0.021270751585896815 0.02850013851347519 0.0) 
(0.03307647192029528 0.03034916781792316 0.0) 
(0.044493926841945655 0.031103204876774072 0.0) 
(0.05576160831978797 0.031072622816395296 0.0) 
(0.06717311556519107 0.030251457207576795 0.0) 
(0.07894527503018466 0.0283163011322687 0.0) 
(0.08903052435236564 0.024215389891549092 0.0) 
(0.08836589822126048 0.013114484409123044 0.0) 
(0.011725029178205037 0.007335963196730716 0.0) 
(0.008416491275727089 0.013893631620363242 0.0) 
(0.018913074760772693 0.017099188968222635 0.0) 
(0.031509257295109526 0.01848500797662229 0.0) 
(0.043946247311170125 0.019006204560193276 0.0) 
(0.056231728048529474 0.01898042070273154 0.0) 
(0.06864817885605999 0.018407360851269202 0.0) 
(0.08119185849525314 0.016984668899940384 0.0) 
(0.09162819361538553 0.013788741961866807 0.0) 
(0.08823631406287478 0.007316710243457247 0.0) 
(0.011855885722332812 0.00234235289038062 0.0) 
(0.007527990105571549 0.004570212057419455 0.0) 
(0.017776146504126254 0.005688774758968546 0.0) 
(0.030705425817158655 0.006218565505422458 0.0) 
(0.0436452740908378 0.006405172415864271 0.0) 
(0.056472489072534215 0.0063898006148402535 0.0) 
(0.06938908577230314 0.006175644073701283 0.0) 
(0.08227716986588389 0.005629550745176682 0.0) 
(0.09248629183155536 0.004521463640602176 0.0) 
(0.0881618051416206 0.0023233347208375336 0.0) 
(0.011889985122708968 -0.00228223742889237 0.0) 
(0.0075281574399204115 -0.004555494305531697 0.0) 
(0.01777849011994546 -0.005700439379295793 0.0) 
(0.030704146628557076 -0.006237699028640574 0.0) 
(0.043635071353148674 -0.006433783522486745 0.0) 
(0.05645267921026006 -0.006438241883268916 0.0) 
(0.06936319997839338 -0.006249816415494696 0.0) 
(0.08225304390874548 -0.005718111683075979 0.0) 
(0.09247628453435636 -0.004581181110969408 0.0) 
(0.08812395462702313 -0.002305634711569642 0.0) 
(0.011765311829796446 -0.0072791791056137116 0.0) 
(0.008427353498976897 -0.013887697390469406 0.0) 
(0.018927535893936687 -0.01710534688476872 0.0) 
(0.03150675268681678 -0.01848637948403129 0.0) 
(0.04391577764976241 -0.019015288227378097 0.0) 
(0.0561712798422171 -0.019011392877482977 0.0) 
(0.06856474277908972 -0.018474161616429646 0.0) 
(0.08111251218838392 -0.017085346624060985 0.0) 
(0.09157675921589362 -0.013882747404474797 0.0) 
(0.08821282515752078 -0.007314166570266509 0.0) 
(0.0118728062200439 -0.013149405814799502 0.0) 
(0.011151681762049248 -0.024432520834423967 0.0) 
(0.021302053315469596 -0.02847278587628492 0.0) 
(0.0330734729910624 -0.030311497329495434 0.0) 
(0.0444446856848703 -0.03107141360098806 0.0) 
(0.05565992862094467 -0.031063194683336987 0.0) 
(0.06702504330005248 -0.030286890461410025 0.0) 
(0.07877729375821974 -0.028431224210901804 0.0) 
(0.08892716621461279 -0.02436904472980064 0.0) 
(0.0881685784557575 -0.013169472521310389 0.0) 
(0.016705533991513383 -0.02449899348844759 0.0) 
(0.015011881549001304 -0.036044964424709613 0.0) 
(0.024812089412324812 -0.03979938819294284 0.0) 
(0.03513163222045193 -0.041635668292943726 0.0) 
(0.0451166209202784 -0.04267533160991616 0.0) 
(0.05499921357013148 -0.0426727135697868 0.0) 
(0.06499092617881219 -0.041618836588888965 0.0) 
(0.07531954551390482 -0.03975878508068553 0.0) 
(0.08510554516490919 -0.03598902849062833 0.0) 
(0.08384887865653273 -0.02437146014754628 0.0) 
(0.015176436244553077 -0.036785703803552776 0.0) 
(0.020163578921220383 -0.04619702031104892 0.0) 
(0.028626099921403303 -0.046774651711755356 0.0) 
(0.03736811031356154 -0.049286037046038435 0.0) 
(0.045839793584913864 -0.05076270351015127 0.0) 
(0.0542652710387446 -0.0507616702949057 0.0) 
(0.06273978875364444 -0.04928401831049418 0.0) 
(0.07147931709768568 -0.04674517546359542 0.0) 
(0.07999581325171719 -0.04615160559487527 0.0) 
(0.08484827628027997 -0.036559555788391956 0.0) 
)
;

boundaryField
{
	bottom
	{
		type	solidTraction;
		value	nonuniform List<vector>
10
(
(0.01625873652597674 0.042493002457058275 0.0) 
(0.02270828011978129 0.049153266632144345 0.0) 
(0.03056466923369818 0.051121654902066944 0.0) 
(0.0384858574371006 0.05309946816372683 0.0) 
(0.04628309573974474 0.054665294661908705 0.0) 
(0.0540492526947165 0.05465398052835925 0.0) 
(0.06189710412389482 0.05308560464505431 0.0) 
(0.0698614340132771 0.05107914635161649 0.0) 
(0.07784235002557517 0.048722965859696786 0.0) 
(0.08494034866221031 0.04170392728893943 0.0) 
)
;
	}
	top
	{
		type	solidTraction;
		value	nonuniform List<vector>
10
(
(0.01614900106067135 -0.04264685521343586 0.0) 
(0.022686165505732225 -0.04910207439206727 0.0) 
(0.03055397836248314 -0.05098072897248929 0.0) 
(0.038440743765898726 -0.05292904009523681 0.0) 
(0.04619749507672382 -0.05449748544659488 0.0) 
(0.05390253761199487 -0.054498231611718954 0.0) 
(0.06165885763820782 -0.05292778417829846 0.0) 
(0.06955483405322259 -0.05095805281512304 0.0) 
(0.07738756254945886 -0.049010688838330915 0.0) 
(0.08380745489614982 -0.04240536169193349 0.0) 
)
;
	}
	left
	{
		type	fixedValue;
		value	uniform (0.0 0.0 0.0);
	}
	right
	{
		type	fixedValue;
		value	uniform (0.1 0.0 0.0);
	}
	frontAndBackPlanes
	{
		type	empty;
	}
}
