/*
 _____     _____     _____ _____ _____ _____    |  High-order Python FOAM
|  |  |___|  _  |_ _|   __|     |  _  |     |   |  Python Version: 3.10
|     | . |   __| | |   __|  |  |     | | | |   |  Code Version: 0.0
|__|__|___|__|  |_  |__|  |_____|__|__|_|_|_|   |  License: GPLv3
                |___|
*/
FoamFile
{
    version     2.0;
    format      ascii;
    class       volVectorField;
    location    "14.0";
    object     U;
}

dimensions      [0 1 0 0 0 0 0]; 

internalField   nonuniform List<vector>
100
(
(0.0178329919739178 0.025010491750162702 0.0) 
(0.023025801552427196 0.04661583956808305 0.0) 
(0.027707143084034738 0.051320795419720205 0.0) 
(0.03560406940732517 0.05241994877172369 0.0) 
(0.04504221831884889 0.052156320626511064 0.0) 
(0.055102434107635 0.05214582941380463 0.0) 
(0.06454042982601173 0.052367284154841064 0.0) 
(0.0724581488923678 0.05119509471410715 0.0) 
(0.07714503796281005 0.04631761237450734 0.0) 
(0.0826951661797939 0.024898825380689812 0.0) 
(0.01026350911554548 0.016854820446973274 0.0) 
(0.014055755295104354 0.032672841876904384 0.0) 
(0.022720889622380037 0.03979255154366159 0.0) 
(0.033038050081642255 0.0417446542412138 0.0) 
(0.04432063962428724 0.042067402946718416 0.0) 
(0.05584379591060428 0.04204658386610841 0.0) 
(0.06713231111846332 0.04167462202090087 0.0) 
(0.07744846623606276 0.03965953829169724 0.0) 
(0.08608597528591108 0.032507015032017424 0.0) 
(0.08973653064438913 0.01680160982994113 0.0) 
(0.008150511712587714 0.009798926652053225 0.0) 
(0.010199291892709256 0.02124529565804259 0.0) 
(0.018721307753637586 0.02726622605772363 0.0) 
(0.030426639434339476 0.029830969811964134 0.0) 
(0.04340820115487016 0.030568332489612243 0.0) 
(0.056728343060540455 0.030545820077218188 0.0) 
(0.06969448859143475 0.029765153979028028 0.0) 
(0.08136674262223023 0.02716931841714306 0.0) 
(0.08984276342977747 0.021162721560271255 0.0) 
(0.091882273555292 0.00978275541401304 0.0) 
(0.00780679465001956 0.005321816151877128 0.0) 
(0.008401100954353943 0.011893990114932598 0.0) 
(0.01664765984806776 0.015877443256989116 0.0) 
(0.02879345872324185 0.01786792175797254 0.0) 
(0.04279630260894264 0.01858773225932751 0.0) 
(0.057298154478058534 0.018570434469868082 0.0) 
(0.07128313458920986 0.017820559914317104 0.0) 
(0.08339768540041613 0.015816515884119496 0.0) 
(0.09161752363284867 0.011845803622587046 0.0) 
(0.0921679633887688 0.005309448370463756 0.0) 
(0.007787629564095857 0.0016733870531177872 0.0) 
(0.007786753325747523 0.003843611188313788 0.0) 
(0.015795774561880895 0.005205964440780326 0.0) 
(0.028085043396112234 0.005943139592950462 0.0) 
(0.04251148479248578 0.006228231550198092 0.0) 
(0.057549828839704796 0.00621724634959369 0.0) 
(0.07196183628967727 0.0059137579907540365 0.0) 
(0.08422925221253592 0.005168286632108027 0.0) 
(0.09222066781586634 0.0038131077785531647 0.0) 
(0.09220923317494052 0.0016597499897341773 0.0) 
(0.007798516560142204 -0.0016492374161839697 0.0) 
(0.0077879163537434215 -0.0038373738344132076 0.0) 
(0.015795563943329115 -0.005211259242470447 0.0) 
(0.02808193638732773 -0.005953638601389628 0.0) 
(0.042504738247986396 -0.006247781457523878 0.0) 
(0.057540374596125946 -0.006253115432211369 0.0) 
(0.07195152478885458 -0.0059683469409548785 0.0) 
(0.08422069109447058 -0.005231998031709349 0.0) 
(0.09221762580040069 -0.0038606743641573377 0.0) 
(0.09219920785425359 -0.0016645283433822577 0.0) 
(0.007827402901846463 -0.005302329786732174 0.0) 
(0.008410133464007331 -0.01189735144242393 0.0) 
(0.016650518123979295 -0.015881956935953255 0.0) 
(0.028784757410574558 -0.017870701892586903 0.0) 
(0.042776787951178986 -0.018598587982261897 0.0) 
(0.05726987476639644 -0.018598678521798303 0.0) 
(0.07125105492067811 -0.017871963025536928 0.0) 
(0.08336996374849205 -0.015885050017303438 0.0) 
(0.0915985605741697 -0.011908213999656107 0.0) 
(0.09216601257797996 -0.005319622615931537 0.0) 
(0.008211864011829427 -0.009799300004403952 0.0) 
(0.010240712050687254 -0.02126729605077087 0.0) 
(0.018729336141065856 -0.027259944456772458 0.0) 
(0.030415020442843606 -0.029819734055615135 0.0) 
(0.043379346910640486 -0.03056162812511082 0.0) 
(0.05668256254440197 -0.03055633858689961 0.0) 
(0.06963786432931177 -0.029807783892711565 0.0) 
(0.08131095658017738 -0.027246275064828174 0.0) 
(0.08980548332003022 -0.02125078711335752 0.0) 
(0.09179726002183335 -0.009804753446373224 0.0) 
(0.010502497812979128 -0.01689276270564061 0.0) 
(0.014100359724770693 -0.03267876807547826 0.0) 
(0.02273194948255997 -0.03977744526207688 0.0) 
(0.033024340725454175 -0.041713911316380144 0.0) 
(0.04428472516615034 -0.04203156226816956 0.0) 
(0.05578745493532156 -0.04202733390327518 0.0) 
(0.06705511940020271 -0.041695595074377804 0.0) 
(0.07735572461960565 -0.03974738007753487 0.0) 
(0.08597384608507773 -0.03265027154475329 0.0) 
(0.0897316644582999 -0.01686079402004706 0.0) 
(0.017851395289299736 -0.025069184576897198 0.0) 
(0.023068133599582603 -0.046606008437793264 0.0) 
(0.027702559713839232 -0.05129787340885119 0.0) 
(0.03558045831958995 -0.05236728034365358 0.0) 
(0.04500612038566059 -0.05209131138244856 0.0) 
(0.05505659197583213 -0.0520892784633981 0.0) 
(0.06448185601638648 -0.05235514528022536 0.0) 
(0.07235957610386197 -0.05125448902289806 0.0) 
(0.07701933440338875 -0.04655535589833098 0.0) 
(0.08218419989169222 -0.025003748877323876 0.0) 
)
;

boundaryField
{
	bottom
	{
		type	solidTraction;
		value	nonuniform List<vector>
10
(
(0.021577627853008985 0.030949967918321032 0.0) 
(0.026753391952160997 0.04856930068333854 0.0) 
(0.03095966195304331 0.056599173254120484 0.0) 
(0.03722870457044951 0.05761754158015388 0.0) 
(0.04554841226190025 0.05734563391625261 0.0) 
(0.054586088248451375 0.057334669590753305 0.0) 
(0.06290900340154511 0.05756403385879144 0.0) 
(0.06920404148101889 0.056445355388358855 0.0) 
(0.07356600145187503 0.04831503547289861 0.0) 
(0.07904961976185494 0.030787998094718928 0.0) 
)
;
	}
	top
	{
		type	solidTraction;
		value	nonuniform List<vector>
10
(
(0.021561877537819938 -0.031007603448528348 0.0) 
(0.02675579995377037 -0.04857002037006202 0.0) 
(0.030953549404855115 -0.056568340123974215 0.0) 
(0.03720170753458804 -0.05755805917576138 0.0) 
(0.04551266165945117 -0.057269769797751786 0.0) 
(0.05454464866658417 -0.05726731910205652 0.0) 
(0.06285234112480796 -0.05754219728156432 0.0) 
(0.06910451508232503 -0.05652288362088615 0.0) 
(0.0732965249645374 -0.04850694574387681 0.0) 
(0.07844976164005786 -0.030930477297341635 0.0) 
)
;
	}
	left
	{
		type	fixedValue;
		value	uniform (0.0 0.0 0.0);
	}
	right
	{
		type	fixedValue;
		value	uniform (0.1 0.0 0.0);
	}
	frontAndBackPlanes
	{
		type	empty;
	}
}
