/*
 _____     _____     _____ _____ _____ _____    |  High-order Python FOAM
|  |  |___|  _  |_ _|   __|     |  _  |     |   |  Python Version: 3.10
|     | . |   __| | |   __|  |  |     | | | |   |  Code Version: 0.0
|__|__|___|__|  |_  |__|  |_____|__|__|_|_|_|   |  License: GPLv3
                |___|
*/
FoamFile
{
    version     2.0;
    format      ascii;
    class       volVectorField;
    location    "70.0";
    object     U;
}

dimensions      [0 1 0 0 0 0 0]; 

internalField   nonuniform List<vector>
100
(
(0.015626883808846616 0.03595563622207994 0.0) 
(0.020258811512498833 0.04647956527793181 0.0) 
(0.02861671573613966 0.04701826928545707 0.0) 
(0.03740140836005347 0.04948167820695066 0.0) 
(0.04592864271888225 0.050975597496630505 0.0) 
(0.05437884014436441 0.050962621541973264 0.0) 
(0.06293429992224744 0.04943715671008803 0.0) 
(0.07180897510589347 0.04699379595711669 0.0) 
(0.07995573264299809 0.04605682460530027 0.0) 
(0.08541117472931073 0.03534987822965723 0.0) 
(0.01579515927632346 0.02373688536995584 0.0) 
(0.015089152574255344 0.036037341725494006 0.0) 
(0.02474579479736333 0.03996770491096747 0.0) 
(0.03509036075342574 0.04179056916941086 0.0) 
(0.04516786563871864 0.04281100026815766 0.0) 
(0.05513852333274572 0.04278746067861956 0.0) 
(0.06523612193239813 0.04171303381369893 0.0) 
(0.07558592997170116 0.03978768442300263 0.0) 
(0.08524435990238186 0.03566653283149023 0.0) 
(0.0843228136666785 0.023597905310760885 0.0) 
(0.011541568859800419 0.012992506849768626 0.0) 
(0.01121383712790731 0.024360364913573827 0.0) 
(0.021203575448202443 0.028593235642430163 0.0) 
(0.032979517087741717 0.030459289007952934 0.0) 
(0.04445887494888154 0.031205395076733724 0.0) 
(0.05578478116989326 0.03117549426857734 0.0) 
(0.06725772530895861 0.030363542243706926 0.0) 
(0.07899972669046922 0.028415955994170263 0.0) 
(0.08888935162758384 0.02417034076870563 0.0) 
(0.08854904777911797 0.012939278067318807 0.0) 
(0.011568458606564209 0.007226385742399418 0.0) 
(0.008645248348165997 0.013875969158697706 0.0) 
(0.018846532290952116 0.01714628602416294 0.0) 
(0.03138951640268616 0.018557621199021337 0.0) 
(0.04390107078994833 0.01907978530523003 0.0) 
(0.0562680617575339 0.019054427529402243 0.0) 
(0.0687595351440549 0.018481770494413914 0.0) 
(0.08125248233057819 0.017035556132378397 0.0) 
(0.09139732202032512 0.013775669492646345 0.0) 
(0.08838877867454303 0.007206746049576472 0.0) 
(0.011702869087136613 0.0023084170551648936 0.0) 
(0.007786241990804579 0.0045601791259756 0.0) 
(0.017720756293195594 0.005701140376921838 0.0) 
(0.030578875270963226 0.006239369468874002 0.0) 
(0.0435962291953543 0.006427718112350566 0.0) 
(0.05651490822478381 0.0064124467444585396 0.0) 
(0.0695101240851241 0.006196814186510674 0.0) 
(0.0823296251000253 0.00564267587580728 0.0) 
(0.09222814673040837 0.004512005931022879 0.0) 
(0.08831179730963781 0.002288895850262837 0.0) 
(0.011736038692993138 -0.002253485763837624 0.0) 
(0.007787035804318733 -0.004546407250359255 0.0) 
(0.017723064799745312 -0.005712180657237841 0.0) 
(0.03057747912900844 -0.006257954478880369 0.0) 
(0.04358636231954064 -0.006456096394048826 0.0) 
(0.056495922100072336 -0.006460902803480187 0.0) 
(0.06948543203763527 -0.006271206592917173 0.0) 
(0.0823065998630873 -0.0057316900624739256 0.0) 
(0.09221832964793794 -0.004573696906979347 0.0) 
(0.08827570077087836 -0.0022770330851221723 0.0) 
(0.011606931365638937 -0.0071749679935823865 0.0) 
(0.008657981487694753 -0.013870853467405476 0.0) 
(0.01886034654133725 -0.01715193418164126 0.0) 
(0.03138665448504111 -0.01855922616198697 0.0) 
(0.0438717175608544 -0.01908939049526717 0.0) 
(0.056210126351398056 -0.019086105426670517 0.0) 
(0.06868003943390136 -0.01854923955432524 0.0) 
(0.0811771004344387 -0.017136101326325422 0.0) 
(0.09134725208582865 -0.013869585210456219 0.0) 
(0.08836936537786183 -0.007208550527732671 0.0) 
(0.011678753010283907 -0.01297337033058699 0.0) 
(0.011286498397473652 -0.024376363284597847 0.0) 
(0.021233774452315505 -0.0285679106107961 0.0) 
(0.03297625679381977 -0.030424167762030586 0.0) 
(0.04441183949077646 -0.03117605592254905 0.0) 
(0.05568754903313184 -0.03116832206732122 0.0) 
(0.06711659427768053 -0.030401655198528006 0.0) 
(0.07884120418386621 -0.028530862747993747 0.0) 
(0.0887908545285137 -0.0243197735794874 0.0) 
(0.08835796476383757 -0.012991216258165982 0.0) 
(0.016296435917535487 -0.023842207483594443 0.0) 
(0.015161603917281464 -0.03600405677704028 0.0) 
(0.0247804361860091 -0.03989168517928868 0.0) 
(0.0350775386968496 -0.041698794774935634 0.0) 
(0.045100349331098494 -0.04272243441303591 0.0) 
(0.05501096175400121 -0.04271990400840052 0.0) 
(0.06503987561690182 -0.041682616712557505 0.0) 
(0.07534708106773405 -0.0398535077854329 0.0) 
(0.08495583353381433 -0.035952240296395474 0.0) 
(0.08422993018571463 -0.02373052795090456 0.0) 
(0.015612128541029715 -0.03610462761491496 0.0) 
(0.02033302711743914 -0.0463956133921847 0.0) 
(0.028613512259203562 -0.04690689890909007 0.0) 
(0.037372380720401346 -0.049338201598260016 0.0) 
(0.045855271157907794 -0.05084109860198174 0.0) 
(0.05424637575596077 -0.050840048815468664 0.0) 
(0.06273220954632437 -0.04933590922794133 0.0) 
(0.07148976961633371 -0.04687866638251977 0.0) 
(0.0798208172227428 -0.04635219737314687 0.0) 
(0.08441745755225746 -0.035900115138383884 0.0) 
)
;

boundaryField
{
	bottom
	{
		type	solidTraction;
		value	nonuniform List<vector>
10
(
(0.016854049097833456 0.041878968826504756 0.0) 
(0.022991915843891524 0.049182103476014434 0.0) 
(0.030600238467847565 0.051273436511508334 0.0) 
(0.038508492391401056 0.05316361157978605 0.0) 
(0.0462975672287115 0.05473961103820317 0.0) 
(0.05401783172317552 0.05473149080197343 0.0) 
(0.061849312723699965 0.053152102432415756 0.0) 
(0.06979430338627536 0.05121502931736919 0.0) 
(0.07754470001454893 0.048756381215489426 0.0) 
(0.0843133620817655 0.041159659347390236 0.0) 
)
;
	}
	top
	{
		type	solidTraction;
		value	nonuniform List<vector>
10
(
(0.016757465518588983 -0.04201948440389052 0.0) 
(0.02297350489329548 -0.04913405599126562 0.0) 
(0.03059189023495019 -0.05114188001191191 0.0) 
(0.038467120950929884 -0.05300410465930479 0.0) 
(0.046217298154096996 -0.05458147939320505 0.0) 
(0.053879963894307804 -0.05458205434370162 0.0) 
(0.06163021073459025 -0.053002456945382366 0.0) 
(0.06951435497737189 -0.051119725342336324 0.0) 
(0.07709993810278618 -0.04904926970178114 0.0) 
(0.08320801722555268 -0.04180053468611428 0.0) 
)
;
	}
	left
	{
		type	fixedValue;
		value	uniform (0.0 0.0 0.0);
	}
	right
	{
		type	fixedValue;
		value	uniform (0.1 0.0 0.0);
	}
	frontAndBackPlanes
	{
		type	empty;
	}
}
