/*
 _____     _____     _____ _____ _____ _____    |  High-order Python FOAM
|  |  |___|  _  |_ _|   __|     |  _  |     |   |  Python Version: 3.10
|     | . |   __| | |   __|  |  |     | | | |   |  Code Version: 0.0
|__|__|___|__|  |_  |__|  |_____|__|__|_|_|_|   |  License: GPLv3
                |___|
*/
FoamFile
{
    version     2.0;
    format      ascii;
    class       volVectorField;
    location    "71.0";
    object     U;
}

dimensions      [0 1 0 0 0 0 0]; 

internalField   nonuniform List<vector>
100
(
(0.015598989074155889 0.03600168200753546 0.0) 
(0.020246346940489126 0.046465957396238114 0.0) 
(0.02861863562748932 0.047008663334769954 0.0) 
(0.0374021953812494 0.049479563401403505 0.0) 
(0.04592832294906206 0.05097298238610936 0.0) 
(0.05438022035539639 0.05095981969422667 0.0) 
(0.06293489676642684 0.049434670826702956 0.0) 
(0.07180944222315233 0.04698514760676608 0.0) 
(0.07996812128967189 0.046043738328676795 0.0) 
(0.08544149246031325 0.03539153377858477 0.0) 
(0.01582091026634451 0.023778874054360216 0.0) 
(0.015080257704002707 0.03604108042552673 0.0) 
(0.024747914140625802 0.0399620376924304 0.0) 
(0.03509405932167066 0.04178747055558485 0.0) 
(0.04516923809360969 0.0428096351030399 0.0) 
(0.055138170529469885 0.042786012725684226 0.0) 
(0.06523357097820424 0.04170984025565766 0.0) 
(0.07558495113685455 0.03978194854612006 0.0) 
(0.08525460390748704 0.03566893736115474 0.0) 
(0.08429826260322901 0.02363924791015514 0.0) 
(0.011554343297909428 0.013004874466854433 0.0) 
(0.011205157545052675 0.0243644813388187 0.0) 
(0.02120778262190047 0.028587273957928795 0.0) 
(0.032985814342508295 0.030452248006018538 0.0) 
(0.044461204294024545 0.03119921524966268 0.0) 
(0.05578323584203089 0.031169272587087887 0.0) 
(0.06725225588889096 0.030356370845817427 0.0) 
(0.07899638012585931 0.028409548981535988 0.0) 
(0.08889848456863284 0.024173735538475134 0.0) 
(0.08853673243366282 0.012951302284236464 0.0) 
(0.011579268534117922 0.007233658664820126 0.0) 
(0.008630168491738584 0.013877351279622656 0.0) 
(0.01885031158773795 0.0171432115584766 0.0) 
(0.031397218798990094 0.018552842890947694 0.0) 
(0.043904081653762736 0.01907506395577781 0.0) 
(0.05626562699553527 0.01904967828204002 0.0) 
(0.06875238583405706 0.018476870832529402 0.0) 
(0.08124910647091786 0.017032222601832486 0.0) 
(0.09141257036040902 0.013776737480185772 0.0) 
(0.0883782146473942 0.00721403251055807 0.0) 
(0.011713362324257164 0.002310673474170467 0.0) 
(0.00776908767815579 0.004560882253322338 0.0) 
(0.0177236367219951 0.005700321584368218 0.0) 
(0.03058696606680243 0.006237979904218916 0.0) 
(0.043599499376724575 0.006426245193751182 0.0) 
(0.05651206404128738 0.006410967884140574 0.0) 
(0.06950239002853478 0.006195400258226435 0.0) 
(0.08232694449602951 0.005641802710301575 0.0) 
(0.09224532064945738 0.00451266245170301 0.0) 
(0.08830149581478017 0.0022911708969607864 0.0) 
(0.01174659491937109 -0.0022554040835516273 0.0) 
(0.007769842137051719 -0.004547026533149952 0.0) 
(0.01772594587217574 -0.005711373535746082 0.0) 
(0.030585576233624522 -0.006256568692859289 0.0) 
(0.04358961061524202 -0.006454602793325941 0.0) 
(0.05649302343831008 -0.006459384880487634 0.0) 
(0.06947761771069184 -0.006269744449724885 0.0) 
(0.08230384323425116 -0.00573076495899686 0.0) 
(0.09223548525118747 -0.004574219331231325 0.0) 
(0.08826528586326063 -0.0022789491627550947 0.0) 
(0.011617867786621886 -0.007181893371758678 0.0) 
(0.008642787860665711 -0.013872161672578119 0.0) 
(0.01886416235291329 -0.017148862042336767 0.0) 
(0.0313943769301668 -0.01855439807645558 0.0) 
(0.04387465558325627 -0.019084595315857735 0.0) 
(0.05620752395860734 -0.019081268485114673 0.0) 
(0.06867262248600259 -0.018544263102831332 0.0) 
(0.08117345157451121 -0.017132760034566208 0.0) 
(0.09136239113875344 -0.013870660811052697 0.0) 
(0.08835854557101773 -0.00721557091229159 0.0) 
(0.01169178837269949 -0.01298545356528928 0.0) 
(0.0112778266572526 -0.02438048057565368 0.0) 
(0.02123805036070576 -0.028561787782224582 0.0) 
(0.032982566156559256 -0.030416921044407602 0.0) 
(0.044414024249702526 -0.03116967260382187 0.0) 
(0.05568570468823646 -0.03116190618078386 0.0) 
(0.06711064806391653 -0.03039427081203053 0.0) 
(0.07883720932529985 -0.028524446129222274 0.0) 
(0.08879964330713998 -0.0243234467162585 0.0) 
(0.08834522104467321 -0.013003436966748811 0.0) 
(0.016323857439619293 -0.02388500587734937 0.0) 
(0.015152554526798308 -0.03600750182966565 0.0) 
(0.024782606946976336 -0.03988555173100842 0.0) 
(0.03508117328440571 -0.04169519210838396 0.0) 
(0.045101461077078416 -0.04272062640642034 0.0) 
(0.05501014992019962 -0.042718093365662534 0.0) 
(0.06503657290470045 -0.0416789753102465 0.0) 
(0.07534517827495665 -0.03984721282563804 0.0) 
(0.08496491844833944 -0.03595540483820256 0.0) 
(0.08420436077565535 -0.023772344904155956 0.0) 
(0.01558370322287979 -0.03615155394852864 0.0) 
(0.0203206955140157 -0.046381524663846645 0.0) 
(0.02861526556015112 -0.046896702266777154 0.0) 
(0.03737300112009921 -0.04933536778496803 0.0) 
(0.045854639020460705 -0.050837876581916804 0.0) 
(0.05424724423061992 -0.050836836574887585 0.0) 
(0.06273180669437765 -0.049333105093823784 0.0) 
(0.07148815798052971 -0.04686839050596114 0.0) 
(0.07983351664173581 -0.04633795821276643 0.0) 
(0.0844456163877314 -0.03594565680406123 0.0) 
)
;

boundaryField
{
	bottom
	{
		type	solidTraction;
		value	nonuniform List<vector>
10
(
(0.016814547432187247 0.04192153204612428 0.0) 
(0.02297243898518755 0.049179541777806084 0.0) 
(0.030598615658211398 0.05126189370223395 0.0) 
(0.038508191495814977 0.05315986906608108 0.0) 
(0.046297121267888534 0.05473674628713685 0.0) 
(0.054019443584236645 0.054728434320419 0.0) 
(0.06185130881543497 0.053148273412704145 0.0) 
(0.06979798185497475 0.05120456734776582 0.0) 
(0.07756513826239105 0.04875343926165409 0.0) 
(0.08435512460241473 0.041197594847428874 0.0) 
)
;
	}
	top
	{
		type	solidTraction;
		value	nonuniform List<vector>
10
(
(0.016717129972434817 -0.042062901173968284 0.0) 
(0.022953768328055454 -0.049131261895754647 0.0) 
(0.030590096674432687 -0.05112967008158941 0.0) 
(0.03846657118830744 -0.05299959189227601 0.0) 
(0.046216497844101576 -0.0545779490098162 0.0) 
(0.05388096028111434 -0.05457854331214147 0.0) 
(0.06163091525680115 -0.05299798266857533 0.0) 
(0.06951631764708227 -0.051107482496055665 0.0) 
(0.07711970508959023 -0.0490460369210711 0.0) 
(0.08324781668255528 -0.04184250048707924 0.0) 
)
;
	}
	left
	{
		type	fixedValue;
		value	uniform (0.0 0.0 0.0);
	}
	right
	{
		type	fixedValue;
		value	uniform (0.1 0.0 0.0);
	}
	frontAndBackPlanes
	{
		type	empty;
	}
}
