/*
 _____     _____     _____ _____ _____ _____    |  High-order Python FOAM
|  |  |___|  _  |_ _|   __|     |  _  |     |   |  Python Version: 3.10
|     | . |   __| | |   __|  |  |     | | | |   |  Code Version: 0.0
|__|__|___|__|  |_  |__|  |_____|__|__|_|_|_|   |  License: GPLv3
                |___|
*/
FoamFile
{
    version     2.0;
    format      ascii;
    class       volVectorField;
    location    "43.0";
    object     U;
}

dimensions      [0 1 0 0 0 0 0]; 

internalField   nonuniform List<vector>
100
(
(0.016708033834621876 0.033829215845693865 0.0) 
(0.020901222063525505 0.047131967459811755 0.0) 
(0.02843021049900498 0.04765478708872498 0.0) 
(0.03719521918958433 0.04952015315750223 0.0) 
(0.04585483571461651 0.05075102176309258 0.0) 
(0.054405681755515876 0.05074314517868962 0.0) 
(0.06308168561642827 0.04948240767567443 0.0) 
(0.07190507347569573 0.04758921605147559 0.0) 
(0.07931497717013498 0.04670483436570811 0.0) 
(0.08421782229323614 0.03339602913639936 0.0) 
(0.014687443916945802 0.022090508815875463 0.0) 
(0.015357801105536684 0.03582035546149995 0.0) 
(0.024629812196318886 0.04022090711163879 0.0) 
(0.034903370428454344 0.041844619139204384 0.0) 
(0.04509298741173335 0.042668355026177544 0.0) 
(0.05517028057314708 0.042646749415687656 0.0) 
(0.06537512070067535 0.04176863241713158 0.0) 
(0.07565415795607551 0.04004505630663891 0.0) 
(0.08491991984350537 0.035505093208572765 0.0) 
(0.08538556217113419 0.021976125128246156 0.0) 
(0.011005770352355459 0.012455694792792198 0.0) 
(0.011531355068079046 0.02414111461390453 0.0) 
(0.02103940965818716 0.028800168252271708 0.0) 
(0.032713459087229314 0.0306975344344624 0.0) 
(0.04435248065505578 0.03136575209224463 0.0) 
(0.05585908794974118 0.03133732383570728 0.0) 
(0.06748909655688655 0.030607414689311583 0.0) 
(0.07912788102356226 0.028642265035427824 0.0) 
(0.08855211028357646 0.023981140067576418 0.0) 
(0.08906784551648861 0.01241492141561523 0.0) 
(0.01108382656508842 0.006923748808996915 0.0) 
(0.009241008135707615 0.013784752021034708 0.0) 
(0.018745674038324157 0.017249150173035473 0.0) 
(0.031088920985989605 0.018734130152782632 0.0) 
(0.04377175441094164 0.019245472000818255 0.0) 
(0.05637459557766449 0.019221457711539457 0.0) 
(0.06903766462571506 0.018663994729449053 0.0) 
(0.08133598513887375 0.01715021830108168 0.0) 
(0.0907928592647778 0.013698379412475913 0.0) 
(0.08886637650306119 0.00690476681323189 0.0) 
(0.011234167344066365 0.0022131024836399764 0.0) 
(0.00847854437026625 0.004521905133519156 0.0) 
(0.01767882308394446 0.005728293353760131 0.0) 
(0.030277386418444865 0.006293220307304929 0.0) 
(0.04346020492151275 0.006484308506578279 0.0) 
(0.056634850757776835 0.006469437346488677 0.0) 
(0.06979776545296136 0.006252240609289573 0.0) 
(0.08236284871083954 0.005673085176587387 0.0) 
(0.09153307564839623 0.004476881850842246 0.0) 
(0.0887735284377845 0.002194131947942899 0.0) 
(0.011264461730106635 -0.002170817576116062 0.0) 
(0.008480662579384006 -0.0045126577553155234 0.0) 
(0.01768116179389826 -0.005740698943609777 0.0) 
(0.030275833419365374 -0.00631362266663848 0.0) 
(0.04345126390778545 -0.006515563585773952 0.0) 
(0.05661823612828246 -0.006521312631340149 0.0) 
(0.06977663604645049 -0.00632963015272355 0.0) 
(0.08234330920482306 -0.0057640529055016775 0.0) 
(0.09152447727431558 -0.004542529716354227 0.0) 
(0.08874192724593491 -0.002193643490421392 0.0) 
(0.01111693286649405 -0.0068852591236738415 0.0) 
(0.009257273136030721 -0.013783852468246652 0.0) 
(0.018758336182783768 -0.017256759702830183 0.0) 
(0.031085469962063763 -0.018739820748837677 0.0) 
(0.04374544059338839 -0.019260328848661315 0.0) 
(0.05632403549981141 -0.01925875780116183 0.0) 
(0.06897011880281707 -0.018735570536821792 0.0) 
(0.0812728119308718 -0.01725069837923027 0.0) 
(0.09074872225042477 -0.013790553969896542 0.0) 
(0.08885563944424148 -0.006914810825067212 0.0) 
(0.01113095174164589 -0.012446122161122536 0.0) 
(0.011602245999577886 -0.024158806472732542 0.0) 
(0.021066923193908054 -0.02878296580087883 0.0) 
(0.0327099567565126 -0.030672827131794245 0.0) 
(0.04431132449312253 -0.031346944913605644 0.0) 
(0.0557750367721594 -0.031340532015489586 0.0) 
(0.06736943906324351 -0.03065551530827441 0.0) 
(0.07899748864525624 -0.028756804290144083 0.0) 
(0.08846903034091885 -0.024118573523407474 0.0) 
(0.08889537595782411 -0.012459204663119625 0.0) 
(0.015121787571836983 -0.02216808350946793 0.0) 
(0.015433222795611478 -0.03579942581471924 0.0) 
(0.024662526172543386 -0.0401654191416761 0.0) 
(0.0348935521490034 -0.041774694305711346 0.0) 
(0.04503647706732385 -0.042598924558341834 0.0) 
(0.0550625622874236 -0.04259615696673139 0.0) 
(0.06521138760299848 -0.041759413933817546 0.0) 
(0.0754548975458895 -0.040133128438305306 0.0) 
(0.08467986887697562 -0.035758739082980134 0.0) 
(0.08533032475991614 -0.022090073603956605 0.0) 
(0.01671121591890592 -0.03394589537426136 0.0) 
(0.020971595274693895 -0.04706909789743338 0.0) 
(0.02843341522763999 -0.047570938796947806 0.0) 
(0.03717238486522806 -0.04940759369055501 0.0) 
(0.04579409377642126 -0.05064048659428991 0.0) 
(0.054297136542500846 -0.050638550799618445 0.0) 
(0.06292321413691922 -0.04940311865097354 0.0) 
(0.07166375506676508 -0.047544439465281155 0.0) 
(0.07916755714579513 -0.047031624160754015 0.0) 
(0.08332495051759865 -0.03379260970209578 0.0) 
)
;

boundaryField
{
	bottom
	{
		type	solidTraction;
		value	nonuniform List<vector>
10
(
(0.0184655420746381 0.03987620773374197 0.0) 
(0.02387169280543544 0.04936312218824136 0.0) 
(0.03057351565295909 0.05199243615192629 0.0) 
(0.03831657584217656 0.053282177063045756 0.0) 
(0.04621486503581441 0.054518882775265065 0.0) 
(0.05404850161979327 0.05451510643131311 0.0) 
(0.061971340899867416 0.053265767981815135 0.0) 
(0.06974340628844407 0.05188996126702214 0.0) 
(0.07662212997992604 0.04896319164914011 0.0) 
(0.08259290332039455 0.039342952433467755 0.0) 
)
;
	}
	top
	{
		type	solidTraction;
		value	nonuniform List<vector>
10
(
(0.018399512800606994 -0.03998568952339856 0.0) 
(0.023864465365576445 -0.04932735260750236 0.0) 
(0.03057221824851921 -0.051891552044092425 0.0) 
(0.03828447487259223 -0.05315565722121243 0.0) 
(0.04614936042217865 -0.054387291979528914 0.0) 
(0.053938828768732516 -0.05438659936920156 0.0) 
(0.06180571865969339 -0.05315125847687709 0.0) 
(0.06952674254393938 -0.05186929191766561 0.0) 
(0.0762069196380655 -0.049258770085135066 0.0) 
(0.08158310433003566 -0.03982076732296892 0.0) 
)
;
	}
	left
	{
		type	fixedValue;
		value	uniform (0.0 0.0 0.0);
	}
	right
	{
		type	fixedValue;
		value	uniform (0.1 0.0 0.0);
	}
	frontAndBackPlanes
	{
		type	empty;
	}
}
