/*
 _____     _____     _____ _____ _____ _____    |  High-order Python FOAM
|  |  |___|  _  |_ _|   __|     |  _  |     |   |  Python Version: 3.10
|     | . |   __| | |   __|  |  |     | | | |   |  Code Version: 0.0
|__|__|___|__|  |_  |__|  |_____|__|__|_|_|_|   |  License: GPLv3
                |___|
*/
FoamFile
{
    version     2.0;
    format      ascii;
    class       volVectorField;
    location    "56.0";
    object     U;
}

dimensions      [0 1 0 0 0 0 0]; 

internalField   nonuniform List<vector>
100
(
(0.016105369835483208 0.03511726433913746 0.0) 
(0.02050698549799626 0.046750013932946755 0.0) 
(0.028569819263857252 0.04725501901108033 0.0) 
(0.03736398898680296 0.049547684642404444 0.0) 
(0.045922067759643956 0.05101105000557168 0.0) 
(0.05436615876204536 0.05100075281310987 0.0) 
(0.06294705197468159 0.04950763278548792 0.0) 
(0.07181573614733264 0.04721292501340679 0.0) 
(0.07970875284119525 0.04632105412958778 0.0) 
(0.08488822661325744 0.034586411125393166 0.0) 
(0.015338531920265432 0.023026128993596205 0.0) 
(0.01522323910966732 0.03596958421440276 0.0) 
(0.024702621998954368 0.04008799094693054 0.0) 
(0.03501979119320257 0.04185731708941814 0.0) 
(0.04514091341035708 0.0428305891186202 0.0) 
(0.05514752860811501 0.042808118339136225 0.0) 
(0.06528652138112616 0.04178072374855574 0.0) 
(0.07560898600149923 0.039909081717098005 0.0) 
(0.08508663698911031 0.03562186796109513 0.0) 
(0.08475940019511474 0.022897805883327616 0.0) 
(0.011314519767757774 0.012772659310314908 0.0) 
(0.011352200317063172 0.024285151457502853 0.0) 
(0.021127273960633783 0.028701201126525546 0.0) 
(0.03286571480532667 0.03058842037800671 0.0) 
(0.04441541102767811 0.031314208249867574 0.0) 
(0.05581464744940691 0.03128491273452586 0.0) 
(0.06735696440944448 0.03049480553930105 0.0) 
(0.07906084507910256 0.02853166431160964 0.0) 
(0.08874278516420715 0.024107596882858708 0.0) 
(0.0887685214968476 0.012724987334317895 0.0) 
(0.011367935754490386 0.007099913243034748 0.0) 
(0.008895969880593284 0.01384855306914974 0.0) 
(0.01878433550024508 0.017201521331655888 0.0) 
(0.03125351919208849 0.01864528123111837 0.0) 
(0.04384576113510684 0.01916576061204239 0.0) 
(0.056313505635278684 0.01914086597228963 0.0) 
(0.06888592802899043 0.018571533319140993 0.0) 
(0.0813074468926775 0.01709535401121853 0.0) 
(0.09114323088132206 0.013753793621467813 0.0) 
(0.08858565448987449 0.0070802376435330355 0.0) 
(0.01150787660565497 0.002268928685018711 0.0) 
(0.008074461074085746 0.004547301015612667 0.0) 
(0.017677290227971668 0.005716199266528486 0.0) 
(0.030437860748674106 0.00626556675692359 0.0) 
(0.043536639128662694 0.00645543253711627 0.0) 
(0.05656730323171762 0.006440245772722783 0.0) 
(0.06964503887150714 0.006223422235672973 0.0) 
(0.08236946562353802 0.0056587325150049515 0.0) 
(0.09193912953986426 0.00450006564374006 0.0) 
(0.08850363988153928 0.0022493153552969967 0.0) 
(0.01153989458792377 -0.002219501810710275 0.0) 
(0.008075891995956309 -0.0045348773273285094 0.0) 
(0.01767961316508804 -0.005726897771345598 0.0) 
(0.030436379118775576 -0.006283862024928764 0.0) 
(0.0435271444239754 -0.006483949166812924 0.0) 
(0.05654926440874124 -0.006489208151708533 0.0) 
(0.06962176810613525 -0.006298473078844227 0.0) 
(0.08234782011477099 -0.005748390604756155 0.0) 
(0.09192972884609439 -0.004563677975302413 0.0) 
(0.08846949013732701 -0.0022429649059725826 0.0) 
(0.011404182342562576 -0.007054137881477428 0.0) 
(0.00891047290399991 -0.013844620446374077 0.0) 
(0.018797623317412086 -0.017207017988211806 0.0) 
(0.03125036569668857 -0.018647526579285836 0.0) 
(0.04381764628427539 -0.019176457021807064 0.0) 
(0.056258512521264084 -0.019173932870813242 0.0) 
(0.06881120984561502 -0.0186401423729347 0.0) 
(0.08123698242263705 -0.017195726136276367 0.0) 
(0.09109537635722421 -0.013847176077961603 0.0) 
(0.0885703311636514 -0.007086080443305989 0.0) 
(0.011446858278207492 -0.012757882997088625 0.0) 
(0.011424449368036818 -0.02430111487218387 0.0) 
(0.02115634260493602 -0.02867841523928095 0.0) 
(0.03286230645299911 -0.030556600536753492 0.0) 
(0.044370838378999265 -0.03128817559993472 0.0) 
(0.05572270632628721 -0.03128103073783836 0.0) 
(0.06722443354034727 -0.030536481719539526 0.0) 
(0.0789138989539324 -0.02864636425193603 0.0) 
(0.08865058540731857 -0.024251974320663224 0.0) 
(0.08858515263806789 -0.012773564945335865 0.0) 
(0.01581110519188804 -0.02311836930058924 0.0) 
(0.015297658960153364 -0.03594101502227874 0.0) 
(0.024736396279011568 -0.04001969066161171 0.0) 
(0.03500814144703624 -0.04177379336854264 0.0) 
(0.045077940218985736 -0.042749176327620035 0.0) 
(0.05502810248466469 -0.04274665665238665 0.0) 
(0.06510367776700095 -0.04175824399000848 0.0) 
(0.07538659536347657 -0.03998433412268337 0.0) 
(0.08481853277960943 -0.03589416001512098 0.0) 
(0.08468344773002794 -0.023022400214938555 0.0) 
(0.01609883913584187 -0.035251618155397894 0.0) 
(0.020579001653131312 -0.04667409033173227 0.0) 
(0.028569317769754313 -0.0471537411047973 0.0) 
(0.03733770192651037 -0.04941613334329619 0.0) 
(0.04585409007671551 -0.050886098660770186 0.0) 
(0.054243259786219335 -0.05088478711272214 0.0) 
(0.06276309322101023 -0.049413219954015916 0.0) 
(0.07153144796706401 -0.0471268148852412 0.0) 
(0.07956849236898478 -0.046633535923689524 0.0) 
(0.08393439815718177 -0.03507009787940897 0.0) 
)
;

boundaryField
{
	bottom
	{
		type	solidTraction;
		value	nonuniform List<vector>
10
(
(0.017547714311386072 0.041100866323563606 0.0) 
(0.023356076129123382 0.049261008485284474 0.0) 
(0.030622212560213753 0.05155082937396032 0.0) 
(0.03848688897227972 0.053268280877941776 0.0) 
(0.04629150873072802 0.05478653424732113 0.0) 
(0.05400255436278223 0.05478096175791066 0.0) 
(0.061841125716667285 0.053256232897005186 0.0) 
(0.06973783287005023 0.05147302359692482 0.0) 
(0.07716335513716309 0.04884343902739092 0.0) 
(0.0835774796301341 0.04046129416537646 0.0) 
)
;
	}
	top
	{
		type	solidTraction;
		value	nonuniform List<vector>
10
(
(0.017464571949393604 -0.04122720111797699 0.0) 
(0.023342011716690928 -0.04921695106003846 0.0) 
(0.03061668040890663 -0.05143064882965715 0.0) 
(0.03844961058870504 -0.05312152671250971 0.0) 
(0.046217483353373286 -0.054638951120564626 0.0) 
(0.05387613947066088 -0.05463910707509304 0.0) 
(0.06164488995679929 -0.05311907822658697 0.0) 
(0.06948657675417313 -0.05140902710859477 0.0) 
(0.07673068990263594 -0.04913970080210793 0.0) 
(0.08250911776666277 -0.041032469307327894 0.0) 
)
;
	}
	left
	{
		type	fixedValue;
		value	uniform (0.0 0.0 0.0);
	}
	right
	{
		type	fixedValue;
		value	uniform (0.1 0.0 0.0);
	}
	frontAndBackPlanes
	{
		type	empty;
	}
}
