/*
 _____     _____     _____ _____ _____ _____    |  High-order Python FOAM
|  |  |___|  _  |_ _|   __|     |  _  |     |   |  Python Version: 3.10
|     | . |   __| | |   __|  |  |     | | | |   |  Code Version: 0.0
|__|__|___|__|  |_  |__|  |_____|__|__|_|_|_|   |  License: GPLv3
                |___|
*/
FoamFile
{
    version     2.0;
    format      ascii;
    class       volVectorField;
    location    "69.0";
    object     U;
}

dimensions      [0 1 0 0 0 0 0]; 

internalField   nonuniform List<vector>
100
(
(0.01565545720992692 0.035908046826199455 0.0) 
(0.020271728889457052 0.04649365573443777 0.0) 
(0.028614561681816114 0.04702832799187055 0.0) 
(0.037400403798815346 0.04948369666721959 0.0) 
(0.04592888440022015 0.05097786849939667 0.0) 
(0.05437750435689757 0.05096508219095577 0.0) 
(0.06293387777631328 0.04943954617928613 0.0) 
(0.07180868325716552 0.047002865489027094 0.0) 
(0.0799428917566651 0.04607039929963965 0.0) 
(0.08538009187866098 0.035306793552975196 0.0) 
(0.015768619310068403 0.023693812731490887 0.0) 
(0.015098136475640036 0.03603335540862862 0.0) 
(0.024743561120569475 0.03997346424917352 0.0) 
(0.035086514557417285 0.04179357276511143 0.0) 
(0.045166435222026 0.04281208884386629 0.0) 
(0.055138904656047254 0.04278863262388376 0.0) 
(0.06523878689912893 0.04171613200114387 0.0) 
(0.07558698866255072 0.03979351561861851 0.0) 
(0.08523398698871583 0.03566391891669975 0.0) 
(0.0843481258079651 0.023555492593531447 0.0) 
(0.011528391094034904 0.012979723294631016 0.0) 
(0.011222678352800107 0.024356019787031204 0.0) 
(0.021199246201394704 0.02859925425276581 0.0) 
(0.032973033025289984 0.030466393745116303 0.0) 
(0.04445646864987837 0.031211557801446355 0.0) 
(0.055786382597278444 0.03118169957487652 0.0) 
(0.06726335773383409 0.030370781132800336 0.0) 
(0.07900316976470496 0.028422433784262652 0.0) 
(0.08888004189605996 0.02416673815774494 0.0) 
(0.08856175651927502 0.012926844871081658 0.0) 
(0.01155725294813768 0.007218889111622161 0.0) 
(0.008660687188672645 0.013874474199221547 0.0) 
(0.018842699878183048 0.01714937998958592 0.0) 
(0.03138160962476317 0.01856246166983648 0.0) 
(0.04389796583105862 0.01908454818113882 0.0) 
(0.05627057657749978 0.019059219137660212 0.0) 
(0.06876687430763215 0.01848673624819877 0.0) 
(0.08125589901139807 0.01703891763512929 0.0) 
(0.0913817068584107 0.013774498787528951 0.0) 
(0.08839973613351987 0.007199237215800956 0.0) 
(0.011691993062002984 0.0023060889783483203 0.0) 
(0.007803827388718787 0.004559434331407081 0.0) 
(0.017717872572836035 0.00570196048682221 0.0) 
(0.03057058230080699 0.006240776180830375 0.0) 
(0.04359285933796356 0.006429205847318013 0.0) 
(0.056517842733308406 0.006413940599962059 0.0) 
(0.06951805204811337 0.00619824624372585 0.0) 
(0.08233230303161963 0.005643552769790924 0.0) 
(0.09221053804728102 0.004511310422046577 0.0) 
(0.08832247743621152 0.002286550584588862 0.0) 
(0.011725097386704242 -0.0022515042441118593 0.0) 
(0.007804661251950634 -0.004545751736343447 0.0) 
(0.017720180539666085 -0.00571299345042347 0.0) 
(0.030569179804845546 -0.006259362620774768 0.0) 
(0.04358301487564327 -0.006457611200965338 0.0) 
(0.05649891259399669 -0.006462442668513836 0.0) 
(0.06949344269803942 -0.006272693052573216 0.0) 
(0.08230935639450204 -0.005732623165828247 0.0) 
(0.09220074055370907 -0.004573139282970546 0.0) 
(0.0882864974038329 -0.002275052746245986 0.0) 
(0.01159559508012056 -0.007167827395858616 0.0) 
(0.008673535523903219 -0.013869437655526805 0.0) 
(0.01885647717489203 -0.01715503095640963 0.0) 
(0.0313787274043108 -0.018564123630765213 0.0) 
(0.04386868721449528 -0.019094235797836253 0.0) 
(0.05621281361511332 -0.01909099369477437 0.0) 
(0.06868765460245721 -0.018554289172153828 0.0) 
(0.08118079910680644 -0.017139473189988257 0.0) 
(0.09133175179518752 -0.013868406423862082 0.0) 
(0.08838058338608766 -0.007201312005627917 0.0) 
(0.01166530378711222 -0.012960876270830214 0.0) 
(0.01129532899161947 -0.024372021093188256 0.0) 
(0.021229374804328772 -0.028574099870930878 0.0) 
(0.032969760701871166 -0.030431490584969766 0.0) 
(0.044409581342033114 -0.0311824351261618 0.0) 
(0.05568945830013798 -0.03117473462291089 0.0) 
(0.06712271893238173 -0.030409118759445904 0.0) 
(0.0788453161066825 -0.028537352338576474 0.0) 
(0.08878190121906047 -0.02431588543819939 0.0) 
(0.08837111661774551 -0.012978582130489554 0.0) 
(0.01626817876590535 -0.023798310590360004 0.0) 
(0.01517074141992087 -0.03600037421944392 0.0) 
(0.02477815019919319 -0.03989792929488708 0.0) 
(0.03507375899304102 -0.04170232324050126 0.0) 
(0.04509918693564248 -0.042723984968339034 0.0) 
(0.05501181554983168 -0.042721456525544495 0.0) 
(0.06504331523456829 -0.041686183480700856 0.0) 
(0.0753490921670299 -0.039859916594322684 0.0) 
(0.08494665439736021 -0.03594884565373859 0.0) 
(0.084256283842473 -0.023687629906947855 0.0) 
(0.015641241898870954 -0.03605613835492604 0.0) 
(0.020345811281404745 -0.04641020149387954 0.0) 
(0.0286115305085703 -0.04691757361358368 0.0) 
(0.037371547528612506 -0.04934096787097525 0.0) 
(0.04585583299733931 -0.050843999193933904 0.0) 
(0.054245568797440614 -0.05084293788118489 0.0) 
(0.06273281849506637 -0.049338642315403206 0.0) 
(0.0714916050807695 -0.04688941999914591 0.0) 
(0.07980765494863092 -0.04636693999570526 0.0) 
(0.08438861113045834 -0.03585304132645148 0.0) 
)
;

boundaryField
{
	bottom
	{
		type	solidTraction;
		value	nonuniform List<vector>
10
(
(0.016894614100828504 0.041834959409956136 0.0) 
(0.023011981401444205 0.04918482175338767 0.0) 
(0.030601745147457365 0.051285508066198054 0.0) 
(0.038508562228447216 0.05316733307795611 0.0) 
(0.04629791940510431 0.054742137763624084 0.0) 
(0.05401627548848435 0.054734210836557655 0.0) 
(0.061847498171177066 0.053155902018376854 0.0) 
(0.06979069073380892 0.051225987709501146 0.0) 
(0.07752364129388734 0.04875950227988202 0.0) 
(0.08427044993344754 0.04112040376613163 0.0) 
)
;
	}
	top
	{
		type	solidTraction;
		value	nonuniform List<vector>
10
(
(0.016798883273299994 -0.041974602989804405 0.0) 
(0.022993839976730133 -0.04913701880575843 0.0) 
(0.030593574632944112 -0.05115464653383381 0.0) 
(0.03846744645958469 -0.05300862702342434 0.0) 
(0.046218014348424166 -0.0545846966642728 0.0) 
(0.053879043312576126 -0.05458525026566753 0.0) 
(0.06162972441440574 -0.05300693672384612 0.0) 
(0.0695124960985541 -0.05113252307296891 0.0) 
(0.07707957030465049 -0.04905268098001204 0.0) 
(0.08316714304860212 -0.04175713711423996 0.0) 
)
;
	}
	left
	{
		type	fixedValue;
		value	uniform (0.0 0.0 0.0);
	}
	right
	{
		type	fixedValue;
		value	uniform (0.1 0.0 0.0);
	}
	frontAndBackPlanes
	{
		type	empty;
	}
}
