/*
 _____     _____     _____ _____ _____ _____    |  High-order Python FOAM
|  |  |___|  _  |_ _|   __|     |  _  |     |   |  Python Version: 3.10
|     | . |   __| | |   __|  |  |     | | | |   |  Code Version: 0.0
|__|__|___|__|  |_  |__|  |_____|__|__|_|_|_|   |  License: GPLv3
                |___|
*/
FoamFile
{
    version     2.0;
    format      ascii;
    class       volVectorField;
    location    "81.0";
    object     U;
}

dimensions      [0 1 0 0 0 0 0]; 

internalField   nonuniform List<vector>
100
(
(0.015354868194560183 0.036388931151729906 0.0) 
(0.020144307886958875 0.04635288122988199 0.0) 
(0.028629249637768514 0.04693287228494303 0.0) 
(0.03740285466229438 0.04945561757591003 0.0) 
(0.045922875813254896 0.05093579742606 0.0) 
(0.05439466513986913 0.05092095750655617 0.0) 
(0.06294598892332519 0.049407135619565466 0.0) 
(0.0718197168621747 0.04691741042272089 0.0) 
(0.08006946296284409 0.04593596661399353 0.0) 
(0.08570577569185732 0.03574060316023095 0.0) 
(0.01604153595355759 0.02414570853688316 0.0) 
(0.014998253179272851 0.036068504458702 0.0) 
(0.024765514477848673 0.039911898458604794 0.0) 
(0.03512545634146 0.04175547883058091 0.0) 
(0.04518078650106917 0.042787882114124105 0.0) 
(0.05513538076017111 0.04276348313004739 0.0) 
(0.06521200376326464 0.04167692033323459 0.0) 
(0.07557706992618665 0.03973127132528176 0.0) 
(0.08534814526555844 0.03568489053763121 0.0) 
(0.08408822308215738 0.02400030300686269 0.0) 
(0.011663827538155216 0.01310940573094511 0.0) 
(0.011128520845839965 0.024397007487557517 0.0) 
(0.021245523214294848 0.028533496966672248 0.0) 
(0.03304095694619152 0.03038857682993876 0.0) 
(0.04448128319275915 0.031140871640454232 0.0) 
(0.05576995757153695 0.031110550536103686 0.0) 
(0.06720421936799899 0.030291580897616244 0.0) 
(0.07896598929071004 0.028351990655764978 0.0) 
(0.08897891199347174 0.024200066038694998 0.0) 
(0.08843134574044285 0.013052755135410233 0.0) 
(0.01167014555343709 0.007296305471819431 0.0) 
(0.00849919558010538 0.01388760514160408 0.0) 
(0.018886717922848312 0.017115678939290294 0.0) 
(0.03146527347744555 0.01851054400990656 0.0) 
(0.04393005852944244 0.019032511553100682 0.0) 
(0.05624469325086353 0.01900688568872197 0.0) 
(0.06868913143129704 0.018433543316913884 0.0) 
(0.08121612750131375 0.017002503179309555 0.0) 
(0.0915448459802771 0.013784337166766547 0.0) 
(0.08828962364498817 0.007276868373536141 0.0) 
(0.011801923511242315 0.0023300682945963332 0.0) 
(0.0076208870088982665 0.004566565285830906 0.0) 
(0.01775327288710061 0.005692998276209728 0.0) 
(0.030658829158489217 0.006225759020998588 0.0) 
(0.043627739195223225 0.006413110388349077 0.0) 
(0.05648758971740164 0.006397780077467228 0.0) 
(0.06943366437638347 0.006182975905109613 0.0) 
(0.08229900738108979 0.005634040821872789 0.0) 
(0.09239354355134755 0.004517997868700913 0.0) 
(0.08821464331487118 0.002310812232624909 0.0) 
(0.011835689761639468 -0.002271849256074303 0.0) 
(0.007621287180788761 -0.004552130176392797 0.0) 
(0.017755595762864843 -0.005704362797010267 0.0) 
(0.030657501416074377 -0.0062446199807227355 0.0) 
(0.04361765916209558 -0.00644155286098856 0.0) 
(0.05646807842733806 -0.006446129928570586 0.0) 
(0.06940820630443467 -0.0062571365552633856 0.0) 
(0.0822752679598126 -0.005722704572409854 0.0) 
(0.09238358274843424 -0.004578424632329257 0.0) 
(0.08817743876952933 -0.002295328758884862 0.0) 
(0.011709803246719486 -0.007241494728685559 0.0) 
(0.008510768216958068 -0.013881916167271722 0.0) 
(0.018900917097950935 -0.017121574213263643 0.0) 
(0.031462623813139676 -0.01851192164468901 0.0) 
(0.043899996218606706 -0.01904169020259178 0.0) 
(0.05618514966830402 -0.01903800819024704 0.0) 
(0.06860709491559827 -0.018500501497016878 0.0) 
(0.08113817353423719 -0.017103096713258218 0.0) 
(0.09149382986854794 -0.01387833174615292 0.0) 
(0.0882676560148859 -0.007275982154654199 0.0) 
(0.011803411608417443 -0.013087402351664718 0.0) 
(0.011201163902655466 -0.024413164941670132 0.0) 
(0.021276406693454666 -0.028506820533623457 0.0) 
(0.03303784090845845 -0.030351744428913557 0.0) 
(0.04443284297360019 -0.03110987267551663 0.0) 
(0.0556698679876339 -0.03110182569749542 0.0) 
(0.06705858770838083 -0.030327891750150462 0.0) 
(0.07880133323765642 -0.02846689867411056 0.0) 
(0.08887721679566184 -0.024352211886136912 0.0) 
(0.08823621965689653 -0.013106628999098355 0.0) 
(0.016558937032597785 -0.024259149417172946 0.0) 
(0.015069009162649154 -0.03603244082907515 0.0) 
(0.024800684325796057 -0.039831590484983206 0.0) 
(0.035112059347722664 -0.0416591077289105 0.0) 
(0.04511076969527202 -0.04269530942810385 0.0) 
(0.05500343330001861 -0.042692733035390916 0.0) 
(0.06500860919525511 -0.041642523098010004 0.0) 
(0.07532944767124891 -0.039791847544423456 0.0) 
(0.08504856388851005 -0.0359779484308608 0.0) 
(0.08398532944198887 -0.024137603167557444 0.0) 
(0.015334764077044776 -0.03654661175048456 0.0) 
(0.020219953454602303 -0.04626438667227038 0.0) 
(0.028624499337493215 -0.04681613711253436 0.0) 
(0.03737224179491279 -0.04930555162895627 0.0) 
(0.04584646508013976 -0.05079566221572866 0.0) 
(0.05425740219635253 -0.050794656032378656 0.0) 
(0.06273445253196684 -0.04930347273585908 0.0) 
(0.07148014423856838 -0.04678710546837144 0.0) 
(0.07993743861845863 -0.04621960023939251 0.0) 
(0.08469193465147 -0.03632845009885176 0.0) 
)
;

boundaryField
{
	bottom
	{
		type	solidTraction;
		value	nonuniform List<vector>
10
(
(0.016472576526135832 0.04227830185559929 0.0) 
(0.022807263372936166 0.04916044266341454 0.0) 
(0.03057948553202684 0.051169749870291915 0.0) 
(0.0384976129402663 0.05312256178325211 0.0) 
(0.046289802262544186 0.054696790846684044 0.0) 
(0.05403660593529859 0.054686696900561126 0.0) 
(0.06187640917571654 0.05310981337804179 0.0) 
(0.06983512307613629 0.05112165241243318 0.0) 
(0.07773842990236089 0.04873153368320958 0.0) 
(0.08471569196576446 0.041514344263037704 0.0) 
)
;
	}
	top
	{
		type	solidTraction;
		value	nonuniform List<vector>
10
(
(0.016367755716785247 -0.04242724233002311 0.0) 
(0.02278645483457682 -0.04911034272531105 0.0) 
(0.030569597307411336 -0.05103210124888288 0.0) 
(0.03845385399814403 -0.052955978839284365 0.0) 
(0.04620612182034063 -0.054532471804649416 0.0) 
(0.05389295533035561 -0.054533186082931624 0.0) 
(0.06164493904890802 -0.05295462261963896 0.0) 
(0.06953827952951125 -0.05100960118336376 0.0) 
(0.07728721699729504 -0.04902130994536609 0.0) 
(0.08359220871200805 -0.04219403362824985 0.0) 
)
;
	}
	left
	{
		type	fixedValue;
		value	uniform (0.0 0.0 0.0);
	}
	right
	{
		type	fixedValue;
		value	uniform (0.1 0.0 0.0);
	}
	frontAndBackPlanes
	{
		type	empty;
	}
}
