/*
 _____     _____     _____ _____ _____ _____    |  High-order Python FOAM
|  |  |___|  _  |_ _|   __|     |  _  |     |   |  Python Version: 3.10
|     | . |   __| | |   __|  |  |     | | | |   |  Code Version: 0.0
|__|__|___|__|  |_  |__|  |_____|__|__|_|_|_|   |  License: GPLv3
                |___|
*/
FoamFile
{
    version     2.0;
    format      ascii;
    class       volVectorField;
    location    "84.0";
    object     U;
}

dimensions      [0 1 0 0 0 0 0]; 

internalField   nonuniform List<vector>
100
(
(0.015292976726569285 0.036483364455027194 0.0) 
(0.020120749991971772 0.04632629202658664 0.0) 
(0.028630629618533108 0.0469165510714932 0.0) 
(0.037401826087208954 0.049449198053059744 0.0) 
(0.04592100208494966 0.050924194208940864 0.0) 
(0.05439874917655618 0.050908919443978476 0.0) 
(0.06294989830468242 0.049399704227370424 0.0) 
(0.07182364704030192 0.04690302662426542 0.0) 
(0.0800928420741972 0.04591091572090393 0.0) 
(0.08577251365103124 0.03582538587728738 0.0) 
(0.016096641572400042 0.024239272965166068 0.0) 
(0.014976329519455761 0.036074447026525215 0.0) 
(0.024769965186327764 0.039899770336412024 0.0) 
(0.03513339128778802 0.04174710462595638 0.0) 
(0.04518368473974768 0.042781020398154714 0.0) 
(0.05513466750426071 0.042756408266728836 0.0) 
(0.06520650963460504 0.04166827789869632 0.0) 
(0.07557501497539935 0.03971901417247953 0.0) 
(0.08537292405706534 0.03568796193963585 0.0) 
(0.08403583926294077 0.024092344763641593 0.0) 
(0.011691192624778331 0.013135126803171962 0.0) 
(0.01110892962936124 0.024404792001845144 0.0) 
(0.021255519496943848 0.028520080068357413 0.0) 
(0.033055112952487455 0.030372707621129827 0.0) 
(0.044486348783162225 0.031125841296779026 0.0) 
(0.05576660680853607 0.031095418428914168 0.0) 
(0.06719183256925704 0.030275428064188675 0.0) 
(0.07895780941414739 0.028337638057679082 0.0) 
(0.08899941147935217 0.024206302146221898 0.0) 
(0.08840505218711989 0.013077666897688892 0.0) 
(0.011692364189493331 0.007312143533993582 0.0) 
(0.008466207189415268 0.013890048019191314 0.0) 
(0.01889699717135208 0.0171089876249834 0.0) 
(0.031482807274126966 0.018500211859953018 0.0) 
(0.04393656809540862 0.019021932053218154 0.0) 
(0.05623946699929343 0.018996244156373302 0.0) 
(0.06867280775431062 0.018422953789787685 0.0) 
(0.08120668932169249 0.01699527250777258 0.0) 
(0.09157810998046943 0.01378612764983652 0.0) 
(0.0882680216434515 0.007292774048596815 0.0) 
(0.01182371935964769 0.0023349722636099757 0.0) 
(0.0075837664331332546 0.004568013103289403 0.0) 
(0.017762098177766774 0.005691266965725531 0.0) 
(0.030677401143504375 0.006222830480158354 0.0) 
(0.04363480072063121 0.006409902343210138 0.0) 
(0.05648149479169604 0.006394556601114103 0.0) 
(0.06941589421308725 0.006179994055351357 0.0) 
(0.08229059884739441 0.005632203296245424 0.0) 
(0.09243062128488384 0.004519370717359644 0.0) 
(0.08819329241690094 0.0023158033357820657 0.0) 
(0.011857618985577655 -0.002275999471796747 0.0) 
(0.0075840742858398575 -0.0045534600802024676 0.0) 
(0.017764427985921937 -0.0057027468314527 0.0) 
(0.030676091830960678 -0.006241797537570674 0.0) 
(0.04362467194803364 -0.006438408552039341 0.0) 
(0.056461864618469165 -0.006442936940816817 0.0) 
(0.06939026514022659 -0.00625415232525252 0.0) 
(0.08226670373641433 -0.005720820810813194 0.0) 
(0.09242063875053631 -0.004579514820844398 0.0) 
(0.08815583149063651 -0.0022994499019145065 0.0) 
(0.011732276169932878 -0.0072565499422804864 0.0) 
(0.008477500502088474 -0.013884257507289274 0.0) 
(0.018911296499319157 -0.017114982687177042 0.0) 
(0.03148021310501442 -0.01850158360352121 0.0) 
(0.043906343843225316 -0.019031067818029025 0.0) 
(0.05617956225180748 -0.01902729946139433 0.0) 
(0.06859020956051537 -0.01848984314172245 0.0) 
(0.08112817395722141 -0.01709589844795604 0.0) 
(0.09152691578850775 -0.013880131831167972 0.0) 
(0.08824545246948337 -0.007291238331268072 0.0) 
(0.011831282268181314 -0.01311242848596765 0.0) 
(0.011181541240251178 -0.024421012941056832 0.0) 
(0.021286566946776435 -0.02849313134942899 0.0) 
(0.033052040232643964 -0.03033553604852691 0.0) 
(0.0444375893365382 -0.031094520875284824 0.0) 
(0.055665880431924136 -0.031086404837399783 0.0) 
(0.06704521708411189 -0.03031138169073891 0.0) 
(0.07879181129111704 -0.028452555193739848 0.0) 
(0.08889703745400244 -0.024359056218494952 0.0) 
(0.08820903965809504 -0.013131985433181217 0.0) 
(0.01661768543311082 -0.02435463379274777 0.0) 
(0.015046636793382605 -0.03603774760006167 0.0) 
(0.024805263833205082 -0.03981852226996189 0.0) 
(0.035119878246994696 -0.041649733587205244 0.0) 
(0.04511310913860808 -0.04268757599153437 0.0) 
(0.0550017465020221 -0.04268498461293865 0.0) 
(0.06500154158526912 -0.04163305231288778 0.0) 
(0.07532546738160777 -0.03977843349388915 0.0) 
(0.08507089948668231 -0.03598267161595886 0.0) 
(0.0839306351430193 -0.024230733577239722 0.0) 
(0.015271580568180822 -0.036643059737657316 0.0) 
(0.020196752117666764 -0.046236769424632104 0.0) 
(0.028625541521961784 -0.046798663302524274 0.0) 
(0.03737085938200653 -0.04929770150949793 0.0) 
(0.04584389718761518 -0.050782797582984845 0.0) 
(0.05426045510985529 -0.05078178608778994 0.0) 
(0.06273631568108848 -0.04929565355153024 0.0) 
(0.07147941119446646 -0.046769453917425444 0.0) 
(0.07996144022431609 -0.04619171822632384 0.0) 
(0.08475435797805324 -0.03642173105321613 0.0) 
)
;

boundaryField
{
	bottom
	{
		type	solidTraction;
		value	nonuniform List<vector>
10
(
(0.016386889315429025 0.04236498482186593 0.0) 
(0.02276719149488192 0.04915701754142463 0.0) 
(0.030573795539492715 0.05114951644124136 0.0) 
(0.038493305499209415 0.05311311702334733 0.0) 
(0.04628726667954162 0.05468445162964527 0.0) 
(0.05404154204595483 0.054673877605031174 0.0) 
(0.06188431459561083 0.05309995960964507 0.0) 
(0.0698453990665215 0.05110368177259335 0.0) 
(0.0777804923703926 0.04872752294711528 0.0) 
(0.08480578961685356 0.04159097441442234 0.0) 
)
;
	}
	top
	{
		type	solidTraction;
		value	nonuniform List<vector>
10
(
(0.016280131000624143 -0.042515876831046066 0.0) 
(0.02274585933188317 -0.04910648045691806 0.0) 
(0.03056358219400741 -0.051010550843781824 0.0) 
(0.03844900667869888 -0.05294499149225601 0.0) 
(0.04620281922766811 -0.054518746410716884 0.0) 
(0.053896647750142364 -0.05451947851562206 0.0) 
(0.06165011182066326 -0.052943682738774867 0.0) 
(0.06954466754115907 -0.050987979475359324 0.0) 
(0.07732784196734449 -0.049016502990400605 0.0) 
(0.08367846790693827 -0.042279377386954704 0.0) 
)
;
	}
	left
	{
		type	fixedValue;
		value	uniform (0.0 0.0 0.0);
	}
	right
	{
		type	fixedValue;
		value	uniform (0.1 0.0 0.0);
	}
	frontAndBackPlanes
	{
		type	empty;
	}
}
