/*
 _____     _____     _____ _____ _____ _____    |  High-order Python FOAM
|  |  |___|  _  |_ _|   __|     |  _  |     |   |  Python Version: 3.10
|     | . |   __| | |   __|  |  |     | | | |   |  Code Version: 0.0
|__|__|___|__|  |_  |__|  |_____|__|__|_|_|_|   |  License: GPLv3
                |___|
*/
FoamFile
{
    version     2.0;
    format      ascii;
    class       volVectorField;
    location    "49.0";
    object     U;
}

dimensions      [0 1 0 0 0 0 0]; 

internalField   nonuniform List<vector>
100
(
(0.01642023131701881 0.03450636863589708 0.0) 
(0.020713606134558523 0.0469519575010859 0.0) 
(0.028531396340516085 0.04747077674372608 0.0) 
(0.037313700811212505 0.0495944383298108 0.0) 
(0.04590347687839838 0.050980914582074294 0.0) 
(0.05437118528113493 0.05097193957352211 0.0) 
(0.06298050189469448 0.049555870842792865 0.0) 
(0.07182884352009543 0.04741676582726494 0.0) 
(0.07950274863124278 0.04652226454520275 0.0) 
(0.08454143780050032 0.03402436075501088 0.0) 
(0.015030847967198177 0.022570635152911876 0.0) 
(0.015307390382349672 0.03592475958581459 0.0) 
(0.02468100168390191 0.04019137651489217 0.0) 
(0.03497473822915079 0.04191001180669776 0.0) 
(0.04512242225830839 0.04282836199243207 0.0) 
(0.0551536581989806 0.04280634833149234 0.0) 
(0.06531786268314874 0.041833666397699046 0.0) 
(0.07561700185645197 0.040013564100922674 0.0) 
(0.0849866717640225 0.035592740970714 0.0) 
(0.08505445976316177 0.022449159744001076 0.0) 
(0.011171193635751402 0.012627679798543968 0.0) 
(0.011452026038355273 0.024240417441587822 0.0) 
(0.021091495177191725 0.028786123755065757 0.0) 
(0.0327975524876058 0.030688039290747905 0.0) 
(0.0443875576405228 0.031393476210809394 0.0) 
(0.05583324942856932 0.031364558247516425 0.0) 
(0.06741512641426671 0.030595951861913454 0.0) 
(0.07908628500268645 0.028622029588959354 0.0) 
(0.0886372528501699 0.024071326888798525 0.0) 
(0.08890716658052943 0.012583438341347265 0.0) 
(0.01123960252935264 0.007020430825965384 0.0) 
(0.00907549677171548 0.0138351748721249 0.0) 
(0.018767743129346058 0.017248704465870606 0.0) 
(0.031175624200786525 0.01871693942430415 0.0) 
(0.04381120992286967 0.01923575493447115 0.0) 
(0.05634142953179796 0.019211222752959296 0.0) 
(0.06895728516975537 0.018644774216737745 0.0) 
(0.08131894690612786 0.017145851769556655 0.0) 
(0.09096106336371479 0.013744348708710424 0.0) 
(0.08871193425400659 0.0070009666250284075 0.0) 
(0.011385275508856594 0.002244153934040669 0.0) 
(0.008282184458523639 0.004541113935522147 0.0) 
(0.0176780631668669 0.005730393666471543 0.0) 
(0.03035993037308067 0.00628856675151613 0.0) 
(0.043500154860875266 0.006479706220199858 0.0) 
(0.05659906715356083 0.006464611319854805 0.0) 
(0.06971888791799995 0.006246820810367205 0.0) 
(0.08236606288766787 0.0056738070126132745 0.0) 
(0.09173045494615775 0.004494765604393247 0.0) 
(0.0886243350850035 0.002224737093291201 0.0) 
(0.01141655503413582 -0.0021981911434032202 0.0) 
(0.00828400478572523 -0.004529816040214556 0.0) 
(0.017680427228588144 -0.0057412502587123005 0.0) 
(0.030358431534163812 -0.006307096115961271 0.0) 
(0.04349093778379647 -0.006508767836856398 0.0) 
(0.056581712361006224 -0.006514329587625993 0.0) 
(0.06969663834394131 -0.006322571042419054 0.0) 
(0.08234541478555726 -0.005763911626442079 0.0) 
(0.09172141399640323 -0.004559393402136659 0.0) 
(0.08859136509327382 -0.0022214520980573366 0.0) 
(0.01127432070774392 -0.006978173511323362 0.0) 
(0.009091053691930051 -0.013832236991362266 0.0) 
(0.01878080913148622 -0.017254463089067928 0.0) 
(0.03117238033809231 -0.01871998353331542 0.0) 
(0.043784001093968315 -0.01924760856921982 0.0) 
(0.05628857019310382 -0.019245630524302525 0.0) 
(0.06888600075739353 -0.018714368535931735 0.0) 
(0.08125197523350072 -0.01724608081633853 0.0) 
(0.09091490883691183 -0.013837143527315604 0.0) 
(0.08869902824806028 -0.007009022019685584 0.0) 
(0.011300351657606759 -0.012615393716005842 0.0) 
(0.011523896436506191 -0.024256584746047877 0.0) 
(0.021119940924328156 -0.028765166346383444 0.0) 
(0.032794186565482775 -0.030658651494312593 0.0) 
(0.04434473329047409 -0.03136996462349731 0.0) 
(0.05574513320644559 -0.03136328699761927 0.0) 
(0.06728879228929185 -0.030640253653775474 0.0) 
(0.0789473850616028 -0.028736485347383607 0.0) 
(0.08854944314476085 -0.024212256073682964 0.0) 
(0.08872879878097967 -0.012629843701508338 0.0) 
(0.015484960970084425 -0.022655022228802852 0.0) 
(0.015382680841904953 -0.035899165888955496 0.0) 
(0.024714348738273176 -0.040128189834769595 0.0) 
(0.034964066054395164 -0.04183191436647297 0.0) 
(0.04506269018756096 -0.042751671252410736 0.0) 
(0.05504001771325588 -0.04274923258796993 0.0) 
(0.06514440723850023 -0.04181701683897415 0.0) 
(0.075405954628083 -0.0400950433468193 0.0) 
(0.08473232179844091 -0.03585593204537721 0.0) 
(0.08498912576471032 -0.02256850662782306 0.0) 
(0.01641848212606274 -0.03463155250241451 0.0) 
(0.02078450637442848 -0.046881277151745476 0.0) 
(0.028532713333151733 -0.04737642852386121 0.0) 
(0.037289279189266805 -0.049470669118729105 0.0) 
(0.04583930966281783 -0.05086180080560794 0.0) 
(0.0542554910661705 -0.050860439703519784 0.0) 
(0.06280932614201987 -0.04946771900753229 0.0) 
(0.07156653284429068 -0.047350794418979464 0.0) 
(0.07935887628669024 -0.0468432621715623 0.0) 
(0.0836162667471166 -0.0344645375851211 0.0) 
)
;

boundaryField
{
	bottom
	{
		type	solidTraction;
		value	nonuniform List<vector>
10
(
(0.018017021141891357 0.040520961315102515 0.0) 
(0.02362871711048117 0.04932604445706551 0.0) 
(0.030632384326524136 0.051788506517332786 0.0) 
(0.03844107130002018 0.053337980321086505 0.0) 
(0.0462704593941939 0.05475747631082149 0.0) 
(0.05400856601064437 0.054752967840195836 0.0) 
(0.06186704064548517 0.05332409547555596 0.0) 
(0.06970598689094405 0.05169802125051124 0.0) 
(0.07687875686875144 0.048916119261466225 0.0) 
(0.0830771477340635 0.039934242131726604 0.0) 
)
;
	}
	top
	{
		type	solidTraction;
		value	nonuniform List<vector>
10
(
(0.017942073362019292 -0.040638400256979235 0.0) 
(0.023617627094460563 -0.049284773913158 0.0) 
(0.03062882096586602 -0.05167604002618583 0.0) 
(0.03840652762664645 -0.05319948942035684 0.0) 
(0.046200921318782014 -0.05461638245191699 0.0) 
(0.053890649208931045 -0.0546164113165274 0.0) 
(0.06168637360488665 -0.05319691831660737 0.0) 
(0.06947261015696733 -0.0516553179591775 0.0) 
(0.07645440054912583 -0.04921292293952933 0.0) 
(0.08203595500922897 -0.04045913518673721 0.0) 
)
;
	}
	left
	{
		type	fixedValue;
		value	uniform (0.0 0.0 0.0);
	}
	right
	{
		type	fixedValue;
		value	uniform (0.1 0.0 0.0);
	}
	frontAndBackPlanes
	{
		type	empty;
	}
}
