/*
 _____     _____     _____ _____ _____ _____    |  High-order Python FOAM
|  |  |___|  _  |_ _|   __|     |  _  |     |   |  Python Version: 3.10
|     | . |   __| | |   __|  |  |     | | | |   |  Code Version: 0.0
|__|__|___|__|  |_  |__|  |_____|__|__|_|_|_|   |  License: GPLv3
                |___|
*/
FoamFile
{
    version     2.0;
    format      ascii;
    class       volVectorField;
    location    "38.0";
    object     U;
}

dimensions      [0 1 0 0 0 0 0]; 

internalField   nonuniform List<vector>
100
(
(0.0169965639664519 0.03313315713732712 0.0) 
(0.021122436631009794 0.0473882174206242 0.0) 
(0.028324819388638074 0.04801793680197338 0.0) 
(0.0370475741945422 0.04963115640572725 0.0) 
(0.04578874143838155 0.050676246895925155 0.0) 
(0.054456272869754276 0.05066828370630442 0.0) 
(0.06321151476696552 0.04959126942361609 0.0) 
(0.07198693347598487 0.0479390749898748 0.0) 
(0.07909334406486673 0.04696464967506292 0.0) 
(0.0838927942938547 0.03274592461424711 0.0) 
(0.014317186881031565 0.02162896762541482 0.0) 
(0.015359916735316089 0.03573971531850211 0.0) 
(0.02453421369931427 0.040323192719018644 0.0) 
(0.0347935760497135 0.04186700727139554 0.0) 
(0.04504761535385198 0.0425899994805454 0.0) 
(0.05520248331461786 0.042568123699976944 0.0) 
(0.06547071538513023 0.041789892569804324 0.0) 
(0.07573576470666615 0.0401481437075699 0.0) 
(0.0849016790039916 0.035439917012551295 0.0) 
(0.08574431183434744 0.021521158234204283 0.0) 
(0.010809170489541955 0.012276541419987796 0.0) 
(0.01154791436692036 0.024038054655137784 0.0) 
(0.020924576236562346 0.028827672103311743 0.0) 
(0.03257816048749879 0.030734546376319574 0.0) 
(0.04429669420739707 0.03136897831606633 0.0) 
(0.055905359830452146 0.0313407213154946 0.0) 
(0.06761402380814174 0.03064566478156295 0.0) 
(0.07923216327661323 0.028675055455801363 0.0) 
(0.08852971457595206 0.023886300405152636 0.0) 
(0.08925980461323803 0.012238766537339062 0.0) 
(0.010879914428504207 0.006819144547058855 0.0) 
(0.009332251939176696 0.013721622639876972 0.0) 
(0.018654826157981592 0.01724443047952873 0.0) 
(0.03094671751616584 0.018754813411954608 0.0) 
(0.04370986339842725 0.01926324933108193 0.0) 
(0.0564298603495968 0.019239603500810453 0.0) 
(0.06917323489076259 0.018686309296467057 0.0) 
(0.08142154794204076 0.01714887986364082 0.0) 
(0.0906988119350182 0.013639174019891525 0.0) 
(0.08906987087803422 0.006800530075745706 0.0) 
(0.011027922700071227 0.002178595463549528 0.0) 
(0.00859558277420293 0.00449740183973008 0.0) 
(0.01760861456915988 0.0057230261469781475 0.0) 
(0.0301386346659031 0.006297750638076144 0.0) 
(0.043397535469005794 0.006490604595275915 0.0) 
(0.05669290596861068 0.0064758767959396 0.0) 
(0.06993242789986807 0.006257327221354421 0.0) 
(0.08243023466753432 0.0056689239582621105 0.0) 
(0.09141478816958717 0.004453433337631223 0.0) 
(0.08897796082005009 0.0021599625979410652 0.0) 
(0.011056997078358296 -0.0021391417560344623 0.0) 
(0.008597921848387717 -0.004488977187157081 0.0) 
(0.017610854872371316 -0.005735355436381177 0.0) 
(0.030136946813594908 -0.006318133038097015 0.0) 
(0.04338877909406181 -0.006522098026500707 0.0) 
(0.056676961138327264 -0.0065280585785906665 0.0) 
(0.0699123786750191 -0.006334717776505026 0.0) 
(0.0824118032614181 -0.005759422828789683 0.0) 
(0.0914066764448871 -0.004519128850767559 0.0) 
(0.08894796442008422 -0.002161560326636423 0.0) 
(0.010911648238700888 -0.006783659549366264 0.0) 
(0.009348924637025873 -0.013721694316818736 0.0) 
(0.018666902706198557 -0.017252387837727402 0.0) 
(0.03094281914657296 -0.01876129993801969 0.0) 
(0.043684176449863804 -0.019279184523308558 0.0) 
(0.05638141092527374 -0.01927796652909147 0.0) 
(0.06910932102533841 -0.018758230668169135 0.0) 
(0.08136213579292823 -0.017248323870770958 0.0) 
(0.09065686879170395 -0.013729886134998313 0.0) 
(0.08906096789849534 -0.006811954307751536 0.0) 
(0.01092990842435171 -0.012269077061679273 0.0) 
(0.01161743757130367 -0.02405654321883268 0.0) 
(0.020950826593670355 -0.028812730963020453 0.0) 
(0.03257411967618412 -0.030712662357764303 0.0) 
(0.044256783504556536 -0.03135294749043659 0.0) 
(0.05582510465895046 -0.03134662047073895 0.0) 
(0.06750092406207571 -0.030695924062395304 0.0) 
(0.0791101439943302 -0.028788353368577883 0.0) 
(0.08845143456687131 -0.02401966791441487 0.0) 
(0.08909395862291879 -0.01228082083692432 0.0) 
(0.014732104881651295 -0.021700467257994165 0.0) 
(0.015434686818159965 -0.035722641843613005 0.0) 
(0.024565789894479915 -0.040273851453154375 0.0) 
(0.0347840508901759 -0.04180318883480836 0.0) 
(0.04499378543608073 -0.04252567967496556 0.0) 
(0.05510034677660609 -0.04252224287088391 0.0) 
(0.06531649955165975 -0.041786589741560215 0.0) 
(0.07554820269615795 -0.04024117055279421 0.0) 
(0.08467582424727149 -0.035683457557610314 0.0) 
(0.0856982190900139 -0.02162963445420595 0.0) 
(0.017003809301417205 -0.033241880227254945 0.0) 
(0.021191635518125803 -0.047332326667706474 0.0) 
(0.028328878864387976 -0.04794292546157182 0.0) 
(0.03702545722942296 -0.049527373167068324 0.0) 
(0.04573093038857905 -0.050571712181913316 0.0) 
(0.05435489358507616 -0.05056874870414397 0.0) 
(0.06306565458091057 -0.04952007944890827 0.0) 
(0.07176531487353549 -0.047913632986119885 0.0) 
(0.07894339862649329 -0.047293812739557066 0.0) 
(0.0830338151415069 -0.03310116697678391 0.0) 
)
;

boundaryField
{
	bottom
	{
		type	solidTraction;
		value	nonuniform List<vector>
10
(
(0.018941181404641193 0.03922615486553859 0.0) 
(0.02416130127004599 0.04950700087871042 0.0) 
(0.030534597354200835 0.05241278874165683 0.0) 
(0.03817642551600038 0.05345994332967717 0.0) 
(0.04614623906131924 0.054487254081134535 0.0) 
(0.05409980931176102 0.054482865789587456 0.0) 
(0.062090871276869714 0.05343798891772427 0.0) 
(0.06976200406292303 0.05229667887655661 0.0) 
(0.07631873441093297 0.04911671991617834 0.0) 
(0.08208046437636485 0.03874361782527834 0.0) 
)
;
	}
	top
	{
		type	solidTraction;
		value	nonuniform List<vector>
10
(
(0.0188830108380592 -0.03932827487757878 0.0) 
(0.024156998586259453 -0.049476034864459145 0.0) 
(0.030534441813527376 -0.05232177405366917 0.0) 
(0.0381457939331036 -0.053342902238265086 0.0) 
(0.046084317663831496 -0.054362561768583346 0.0) 
(0.05399840851229859 -0.05436061998052629 0.0) 
(0.061939962585845255 -0.053335162063143655 0.0) 
(0.06956112483335575 -0.052295833579061424 0.0) 
(0.07591374708548172 -0.04940884411302001 0.0) 
(0.081104378832081 -0.039176261681424226 0.0) 
)
;
	}
	left
	{
		type	fixedValue;
		value	uniform (0.0 0.0 0.0);
	}
	right
	{
		type	fixedValue;
		value	uniform (0.1 0.0 0.0);
	}
	frontAndBackPlanes
	{
		type	empty;
	}
}
