/*
 _____     _____     _____ _____ _____ _____    |  High-order Python FOAM
|  |  |___|  _  |_ _|   __|     |  _  |     |   |  Python Version: 3.10
|     | . |   __| | |   __|  |  |     | | | |   |  Code Version: 0.0
|__|__|___|__|  |_  |__|  |_____|__|__|_|_|_|   |  License: GPLv3
                |___|
*/
FoamFile
{
    version     2.0;
    format      ascii;
    class       volVectorField;
    location    "79.0";
    object     U;
}

dimensions      [0 1 0 0 0 0 0]; 

internalField   nonuniform List<vector>
100
(
(0.015398872296998017 0.03632096116403371 0.0) 
(0.020161648935156828 0.04637236213877067 0.0) 
(0.028627980805055596 0.04694526834865925 0.0) 
(0.037403354868062746 0.04946026414319044 0.0) 
(0.04592411767257332 0.050943780757411246 0.0) 
(0.05439183523655851 0.050929247982730574 0.0) 
(0.06294341600909766 0.04941247557071045 0.0) 
(0.07181721459274655 0.046928400376296614 0.0) 
(0.08005224947703199 0.04595439810030191 0.0) 
(0.08565826330810727 0.035679497401281485 0.0) 
(0.016002197502164257 0.02407940313380219 0.0) 
(0.015013541802882875 0.03606407878071136 0.0) 
(0.024762353143359093 0.03992074439865582 0.0) 
(0.03511982098972992 0.04176149574229053 0.0) 
(0.04517872470698553 0.04279259959460313 0.0) 
(0.0551358817568551 0.042768347873595416 0.0) 
(0.06521589211540155 0.04168311883198571 0.0) 
(0.07557851145671551 0.03974020892498651 0.0) 
(0.08533080969126826 0.03568251249132783 0.0) 
(0.08412563727772598 0.023935062813175614 0.0) 
(0.011644282025705017 0.013090943487204684 0.0) 
(0.011142382747865132 0.02439140455311722 0.0) 
(0.02123850917919845 0.028543151935648926 0.0) 
(0.033030932026742454 0.030400010862265958 0.0) 
(0.04447767446851073 0.03115159679743158 0.0) 
(0.055772346035170714 0.031121346208843256 0.0) 
(0.06721297945287671 0.03030321551810664 0.0) 
(0.07897170081847889 0.028362315066778422 0.0) 
(0.08896439076202378 0.02419556794380304 0.0) 
(0.0884501386294882 0.01303486009183304 0.0) 
(0.01165414299118052 0.00728505278887511 0.0) 
(0.008522660371680943 0.013885858291290118 0.0) 
(0.0188796436401532 0.017120546969478904 0.0) 
(0.03145285975569598 0.018518032012587282 0.0) 
(0.043925404793091274 0.019040132901048702 0.0) 
(0.056248436625817175 0.019014550490356528 0.0) 
(0.06870068394988499 0.018441214180515135 0.0) 
(0.08122259729973204 0.01700775720279648 0.0) 
(0.09152117094766209 0.013783058270061554 0.0) 
(0.08830519709464929 0.00726557236890376 0.0) 
(0.011786263817099926 0.0023265854660899843 0.0) 
(0.0076473421340230935 0.004565548989679043 0.0) 
(0.017747288581815863 0.005694274371560694 0.0) 
(0.03064568763658361 0.006227898778716421 0.0) 
(0.04362268428492143 0.006415437224039669 0.0) 
(0.056491960820671865 0.0064001171218686734 0.0) 
(0.06944623797522606 0.006185152424147523 0.0) 
(0.08230469219805558 0.005635392764179901 0.0) 
(0.09236710615998811 0.004517037439687272 0.0) 
(0.08822998982836468 0.0023072736046696727 0.0) 
(0.01181993500313629 -0.0022688995040790537 0.0) 
(0.0076478073791502454 -0.0045512020115011 0.0) 
(0.01774960753310079 -0.005705561207787677 0.0) 
(0.030644347536723935 -0.006246687544114125 0.0) 
(0.04361263876846534 -0.006443838380650065 0.0) 
(0.056472533944163704 -0.006448451026700881 0.0) 
(0.06942090187461925 -0.006259320875032308 0.0) 
(0.08228106471894917 -0.005724093473659651 0.0) 
(0.09235716330485401 -0.004577664343651417 0.0) 
(0.0881929662488215 -0.0022923967016451677 0.0) 
(0.011693616388027342 -0.007230794533981684 0.0) 
(0.008534428185823034 -0.013880244665984164 0.0) 
(0.018893774977111373 -0.017126375854431792 0.0) 
(0.031450172520647766 -0.01851941729750503 0.0) 
(0.043895457238498324 -0.019049346794958785 0.0) 
(0.056189150223742254 -0.01904572715219005 0.0) 
(0.06861904958290314 -0.01850822640579607 0.0) 
(0.08114504715678084 -0.017108328741704284 0.0) 
(0.09147028997291 -0.013877041910171242 0.0) 
(0.08828365230527065 -0.00726513818018074 0.0) 
(0.011783497438669572 -0.013069422279090989 0.0) 
(0.01121504205481195 -0.024407519416935395 0.0) 
(0.021269278409762508 -0.02851667097511534 0.0) 
(0.03302778783267388 -0.0303634232620908 0.0) 
(0.04442946097677432 -0.031120830685959954 0.0) 
(0.055672711301586734 -0.031112833312508397 0.0) 
(0.06706805530831354 -0.030339785905987973 0.0) 
(0.07880801035934695 -0.028477214304432896 0.0) 
(0.08886318942239188 -0.024347277205456992 0.0) 
(0.08825564999340826 -0.013088418217540403 0.0) 
(0.01651700532695293 -0.024191495762977015 0.0) 
(0.015084601508415944 -0.03602846143696015 0.0) 
(0.024797433143553704 -0.039841105323061086 0.0) 
(0.03510650959694485 -0.041665836810613366 0.0) 
(0.04510910688138737 -0.042700645719017896 0.0) 
(0.05500463125895918 -0.04269807900379979 0.0) 
(0.06501362768518487 -0.04164932010355944 0.0) 
(0.07533227399792491 -0.039801611018015486 0.0) 
(0.08503298160229916 -0.03597439016442118 0.0) 
(0.08402437784498262 -0.024071595609279062 0.0) 
(0.015379666334082167 -0.03647721848894617 0.0) 
(0.020237045914010928 -0.04628459344672443 0.0) 
(0.028623471920165577 -0.046829358964640855 0.0) 
(0.03737299394502475 -0.04931122037051264 0.0) 
(0.04584819880372908 -0.0508045357649305 0.0) 
(0.054255319127004285 -0.05080352967727241 0.0) 
(0.06273335947048472 -0.04930911545012675 0.0) 
(0.07148095206543226 -0.04680045528066987 0.0) 
(0.07991977615591075 -0.04624000734115367 0.0) 
(0.08464754758259611 -0.036261292118700515 0.0) 
)
;

boundaryField
{
	bottom
	{
		type	solidTraction;
		value	nonuniform List<vector>
10
(
(0.016533749303713777 0.04221584869805491 0.0) 
(0.0228362286870694 0.04916331484424889 0.0) 
(0.030583380196546685 0.0511850109601396 0.0) 
(0.03850034928088371 0.053129481165373235 0.0) 
(0.04629147379717296 0.05470532450845756 0.0) 
(0.05403320460966851 0.05469556504193154 0.0) 
(0.06187109385271772 0.053116993686144254 0.0) 
(0.06982797344019542 0.05113528266827197 0.0) 
(0.07770803453030738 0.048734849294124465 0.0) 
(0.08465131167223625 0.0414590566379226 0.0) 
)
;
	}
	top
	{
		type	solidTraction;
		value	nonuniform List<vector>
10
(
(0.016430286829517943 -0.04236340979018068 0.0) 
(0.022815793865428712 -0.049113526602245945 0.0) 
(0.030573726234379726 -0.05104830466211128 0.0) 
(0.03845697313943482 -0.05296399898140146 0.0) 
(0.04620833969009352 -0.05454198362379704 0.0) 
(0.053890455054761977 -0.05454268189827767 0.0) 
(0.06164158726106282 -0.05296260474901791 0.0) 
(0.06953388641688917 -0.05102585776821518 0.0) 
(0.07725785164609439 -0.04902517096556282 0.0) 
(0.08353062100045673 -0.04213252806151246 0.0) 
)
;
	}
	left
	{
		type	fixedValue;
		value	uniform (0.0 0.0 0.0);
	}
	right
	{
		type	fixedValue;
		value	uniform (0.1 0.0 0.0);
	}
	frontAndBackPlanes
	{
		type	empty;
	}
}
