/*
 _____     _____     _____ _____ _____ _____    |  High-order Python FOAM
|  |  |___|  _  |_ _|   __|     |  _  |     |   |  Python Version: 3.10
|     | . |   __| | |   __|  |  |     | | | |   |  Code Version: 0.0
|__|__|___|__|  |_  |__|  |_____|__|__|_|_|_|   |  License: GPLv3
                |___|
*/
FoamFile
{
    version     2.0;
    format      ascii;
    class       volVectorField;
    location    "21.0";
    object     U;
}

dimensions      [0 1 0 0 0 0 0]; 

internalField   nonuniform List<vector>
100
(
(0.01771206721204391 0.02849242304100198 0.0) 
(0.02220573471216502 0.04670262777393588 0.0) 
(0.027706478182714583 0.048002665777221565 0.0) 
(0.036019314022885794 0.047781485266599207 0.0) 
(0.04529227021292247 0.047224724268555694 0.0) 
(0.05488966602758438 0.047228816504886445 0.0) 
(0.06416467561350424 0.04776672951671837 0.0) 
(0.0725055365072843 0.04792428705693897 0.0) 
(0.07798807123531637 0.0463691370029053 0.0) 
(0.08296942732730445 0.028308235454995695 0.0) 
(0.012581621212614896 0.019124357726862076 0.0) 
(0.015531507561501989 0.03423305367176065 0.0) 
(0.024361534923695204 0.039531871670278176 0.0) 
(0.03441488284767341 0.0404420128008844 0.0) 
(0.0448574349435094 0.040406547915189966 0.0) 
(0.05532056099488556 0.04039233361230861 0.0) 
(0.065776403695283 0.040385776118935596 0.0) 
(0.075839860645202 0.039399009752623906 0.0) 
(0.08465569748446122 0.03403177800194972 0.0) 
(0.08743736875793834 0.01905419998371617 0.0) 
(0.010174774719116996 0.011286897635294911 0.0) 
(0.012133537210135468 0.02304718078782326 0.0) 
(0.02097971634758295 0.028264899197468007 0.0) 
(0.032306986638648644 0.03012028105569679 0.0) 
(0.04413664649775263 0.03051989011983487 0.0) 
(0.05600454192896569 0.030498624317391133 0.0) 
(0.06782461415581689 0.030054063646458448 0.0) 
(0.07912340772112751 0.02815685069190891 0.0) 
(0.08791726246244318 0.02294647798492849 0.0) 
(0.08987660513518833 0.011264431744978846 0.0) 
(0.010340043366867582 0.006319280605012807 0.0) 
(0.010443276922717341 0.01324463927721414 0.0) 
(0.019052900464074214 0.016949374481128727 0.0) 
(0.03082208548566462 0.018551730389181353 0.0) 
(0.04358624946792322 0.019042140437626566 0.0) 
(0.056504206426466363 0.019024081527310076 0.0) 
(0.0692528577605417 0.01850066535192855 0.0) 
(0.08099121762534832 0.016880755660936865 0.0) 
(0.08957256432092074 0.013188132920160628 0.0) 
(0.0896100503543994 0.006305170097968266 0.0) 
(0.010562089882141384 0.002023061093724815 0.0) 
(0.009916299081039272 0.004344018308850454 0.0) 
(0.018220748046407817 0.005634067413016924 0.0) 
(0.030129623422397816 0.006251397800530361 0.0) 
(0.04330859673570763 0.006456603009752453 0.0) 
(0.05674296443950663 0.0064446298327051335 0.0) 
(0.06990851389858505 0.006219028860413362 0.0) 
(0.08179656603641011 0.005591832942678946 0.0) 
(0.09008555509886276 0.004310756167066086 0.0) 
(0.08944155527875726 0.0020089163825659936 0.0) 
(0.010587411637381496 -0.001999253680819836 0.0) 
(0.009919898264124268 -0.004346608318495539 0.0) 
(0.018223521571176557 -0.005656436733634978 0.0) 
(0.030128637205450705 -0.006283764458747051 0.0) 
(0.04330223581683541 -0.006501085765848902 0.0) 
(0.05673176345912267 -0.006507514180028636 0.0) 
(0.06989473133698053 -0.006301319472375438 0.0) 
(0.0817837346818828 -0.005680812096774884 0.0) 
(0.09007963955020906 -0.004374567564332361 0.0) 
(0.08941617227132337 -0.002017449519061433 0.0) 
(0.010363523986826266 -0.006298994891456136 0.0) 
(0.010463020193698557 -0.01325462474647484 0.0) 
(0.01906534723680697 -0.016968049083519614 0.0) 
(0.030819860501255944 -0.01857338776464135 0.0) 
(0.043567823022890466 -0.01907533790118626 0.0) 
(0.05647030591185463 -0.019077510309838137 0.0) 
(0.06920944008728037 -0.018579602058630205 0.0) 
(0.08095032204004689 -0.01697614286767872 0.0) 
(0.08953995825328528 -0.013270195589457795 0.0) 
(0.08960823772951002 -0.006320713382534028 0.0) 
(0.010279860048399208 -0.011287147352480492 0.0) 
(0.0121992117247989 -0.023071356258918676 0.0) 
(0.021004789256481103 -0.028265709553602438 0.0) 
(0.03230602349178274 -0.0301215443900397 0.0) 
(0.044108764497299204 -0.03052991135316883 0.0) 
(0.05594912576763145 -0.0305297512136451 0.0) 
(0.06774760084100653 -0.030121191405625584 0.0) 
(0.07904118418933262 -0.02826414609222615 0.0) 
(0.08785922083411227 -0.023058574727264195 0.0) 
(0.08973521441275419 -0.011295630027939556 0.0) 
(0.012911004439436735 -0.01916776285776892 0.0) 
(0.015604979643944581 -0.034228887483467155 0.0) 
(0.024394329426745926 -0.03951174273188098 0.0) 
(0.034414669692198384 -0.04041442564274166 0.0) 
(0.04482447455365756 -0.0403804244308464 0.0) 
(0.055251993346981956 -0.04038530039387821 0.0) 
(0.06567098551959195 -0.04042111140301727 0.0) 
(0.07570738767676953 -0.03951132809059446 0.0) 
(0.08449384532373425 -0.03422064017422313 0.0) 
(0.08742776247563222 -0.019132896989471487 0.0) 
(0.017733048548874353 -0.028560909244984146 0.0) 
(0.022276479545051454 -0.04666887446251006 0.0) 
(0.027725102537000234 -0.047967860843803785 0.0) 
(0.036013020309655495 -0.047726101115345206 0.0) 
(0.04525974526884823 -0.0471645164009231 0.0) 
(0.0548295864649859 -0.04717704879731005 0.0) 
(0.06407519422335019 -0.04775590536970203 0.0) 
(0.07235832024530854 -0.04798234677660561 0.0) 
(0.07782975741962275 -0.04666880759492384 0.0) 
(0.082294605722583 -0.028481590924887685 0.0) 
)
;

boundaryField
{
	bottom
	{
		type	solidTraction;
		value	nonuniform List<vector>
10
(
(0.020371019747508105 0.03423222880304838 0.0) 
(0.0252171227022437 0.04793631338888148 0.0) 
(0.030036716655664136 0.05209618230105038 0.0) 
(0.03703909596547869 0.05135539923001965 0.0) 
(0.04558927786638422 0.050643076768148415 0.0) 
(0.05459474937267202 0.050649896820591865 0.0) 
(0.0631484694928597 0.0513500382244311 0.0) 
(0.07017298431728082 0.051989863438730105 0.0) 
(0.0751719835726707 0.04765628048711404 0.0) 
(0.08042700500956297 0.03398674861474744 0.0) 
)
;
	}
	top
	{
		type	solidTraction;
		value	nonuniform List<vector>
10
(
(0.020343480453984937 -0.034293461925647035 0.0) 
(0.02523221394659897 -0.047918512842134886 0.0) 
(0.0300543846607483 -0.05204853981135926 0.0) 
(0.03702948177449098 -0.05128991063467196 0.0) 
(0.0455567050819532 -0.05056819927004846 0.0) 
(0.05453836176073818 -0.05058316406056264 0.0) 
(0.06305903961637278 -0.05132338396035252 0.0) 
(0.07002886131890569 -0.05207122638098044 0.0) 
(0.07482185446376646 -0.04790428727646674 0.0) 
(0.07964165210863527 -0.03421207729231124 0.0) 
)
;
	}
	left
	{
		type	fixedValue;
		value	uniform (0.0 0.0 0.0);
	}
	right
	{
		type	fixedValue;
		value	uniform (0.1 0.0 0.0);
	}
	frontAndBackPlanes
	{
		type	empty;
	}
}
