/*
 _____     _____     _____ _____ _____ _____    |  High-order Python FOAM
|  |  |___|  _  |_ _|   __|     |  _  |     |   |  Python Version: 3.10
|     | . |   __| | |   __|  |  |     | | | |   |  Code Version: 0.0
|__|__|___|__|  |_  |__|  |_____|__|__|_|_|_|   |  License: GPLv3
                |___|
*/
FoamFile
{
    version     2.0;
    format      ascii;
    class       volVectorField;
    location    "90.0";
    object     U;
}

dimensions      [0 1 0 0 0 0 0]; 

internalField   nonuniform List<vector>
100
(
(0.015182597219661989 0.036648462807137405 0.0) 
(0.0200809905400141 0.046281269029624914 0.0) 
(0.028631734855354227 0.046890373838379594 0.0) 
(0.037399111017384384 0.04943786771001859 0.0) 
(0.045917359798352785 0.05090252780580837 0.0) 
(0.05440626699479656 0.05088647530070532 0.0) 
(0.06295764199863599 0.04938646876311837 0.0) 
(0.07183201389382694 0.046880174062485014 0.0) 
(0.08013228603091052 0.045868800862386254 0.0) 
(0.08589126860626083 0.035973295447666684 0.0) 
(0.016194203132655103 0.024406946620710704 0.0) 
(0.014935852349049154 0.03608403380848913 0.0) 
(0.024777803253571325 0.03987880212371918 0.0) 
(0.03514751160104788 0.04173217585863916 0.0) 
(0.04518883576395466 0.04276794910843512 0.0) 
(0.05513338478119891 0.042742940568939555 0.0) 
(0.0651966928158809 0.041652834188738795 0.0) 
(0.07557137611527652 0.039697812413235486 0.0) 
(0.08541841337787011 0.03569245439064533 0.0) 
(0.08394317577710028 0.0242572210448931 0.0) 
(0.011739482217678898 0.013180138249125915 0.0) 
(0.011073575900948257 0.024418253317282847 0.0) 
(0.021273592380496056 0.0284964592076301 0.0) 
(0.03308043148058391 0.03034482891294465 0.0) 
(0.04449532329668002 0.031098982813447758 0.0) 
(0.055760689597432536 0.031068370499670137 0.0) 
(0.06716964262090837 0.030247037977348137 0.0) 
(0.07894292886345841 0.02831236531554725 0.0) 
(0.08903632439438033 0.024217018884019562 0.0) 
(0.0883587128834299 0.01312119976259191 0.0) 
(0.01173096487916353 0.007340367197597899 0.0) 
(0.008407273017449484 0.013894274801118553 0.0) 
(0.018916127151957143 0.017097399144292796 0.0) 
(0.031514158098965114 0.018482222525149198 0.0) 
(0.04394802207867639 0.01900329891744028 0.0) 
(0.05623031403844264 0.01897749691562744 0.0) 
(0.06864361558219775 0.018404503073689207 0.0) 
(0.08118903463078238 0.016982730906394752 0.0) 
(0.09163747342189263 0.013789207383685357 0.0) 
(0.08823055952008685 0.007321137804827542 0.0) 
(0.011861749109048534 0.002343718380946758 0.0) 
(0.007517670862460803 0.0045706191170078025 0.0) 
(0.017778842994362696 0.00568832403019728 0.0) 
(0.03071061802321614 0.006217788581052554 0.0) 
(0.043647190205971416 0.006404302249320528 0.0) 
(0.05647084672548384 0.006388925218746783 0.0) 
(0.0693841204034661 0.006174850694998224 0.0) 
(0.08227458730207109 0.005629070154592642 0.0) 
(0.09249658581937109 0.0045218518852086975 0.0) 
(0.08815606871126748 0.0023247308115276317 0.0) 
(0.011895885370580467 -0.002283390573355418 0.0) 
(0.007517811979302286 -0.004555873190954033 0.0) 
(0.01778118963047758 -0.00570002518533353 0.0) 
(0.030709344729359416 -0.006236954853047959 0.0) 
(0.04363697367483115 -0.006432935109606267 0.0) 
(0.05645100345448827 -0.0064373809389761645 0.0) 
(0.06935818710582364 -0.006249029124636451 0.0) 
(0.082250419020883 -0.005717623364958414 0.0) 
(0.09248657501630957 -0.0045814909707778875 0.0) 
(0.08811814557951721 -0.002306776730730003 0.0) 
(0.011771314397920023 -0.007283361348922167 0.0) 
(0.008418053974172888 -0.013888315786849978 0.0) 
(0.018930619752896904 -0.017103589853579983 0.0) 
(0.031511670880966125 -0.018483596335581387 0.0) 
(0.04391750671133088 -0.019012375908340713 0.0) 
(0.056169765119335 -0.019008457412563826 0.0) 
(0.06856002523316138 -0.018471290652038903 0.0) 
(0.08110953626675517 -0.01708341958841915 0.0) 
(0.09158599838621675 -0.013883211862506142 0.0) 
(0.08820689851360085 -0.007318403651173607 0.0) 
(0.011880429568394697 -0.013156149210763335 0.0) 
(0.011146104455232678 -0.024434597600750625 0.0) 
(0.02130494220789174 -0.02846903375678389 0.0) 
(0.03307744740714483 -0.030307069147825605 0.0) 
(0.04444599274330234 -0.031067107724149914 0.0) 
(0.05565883391113423 -0.031058869839381966 0.0) 
(0.06702130366726883 -0.030282378565237293 0.0) 
(0.07877458538753068 -0.028427289411376223 0.0) 
(0.08893278930605288 -0.024370838938989104 0.0) 
(0.08816115507416526 -0.013176311944554587 0.0) 
(0.01672172064479132 -0.024525800845892523 0.0) 
(0.015005293121654245 -0.036046176658303335 0.0) 
(0.024813338923150793 -0.03979588298351111 0.0) 
(0.03513380490833826 -0.04163303203414653 0.0) 
(0.045117269856603075 -0.04267295046041133 0.0) 
(0.05499874543257191 -0.042670326830342095 0.0) 
(0.06498896529563758 -0.041616171562481735 0.0) 
(0.07531846342783008 -0.03975518520379894 0.0) 
(0.08511210564616459 -0.03599008382859207 0.0) 
(0.08383381809044543 -0.024397582219456388 0.0) 
(0.015158808921145605 -0.03681178717630487 0.0) 
(0.020157649764992867 -0.046189891969220576 0.0) 
(0.0286260521471186 -0.046770461063991034 0.0) 
(0.03736751670828903 -0.04928385067758968 0.0) 
(0.04583900710190214 -0.050758863382884684 0.0) 
(0.054266186794794585 -0.05075782410099845 0.0) 
(0.06274051631734727 -0.04928183458491164 0.0) 
(0.07147945057529774 -0.046740935064049985 0.0) 
(0.08000196380720123 -0.04614441429315815 0.0) 
(0.08486566529771433 -0.03658473952174609 0.0) 
)
;

boundaryField
{
	bottom
	{
		type	solidTraction;
		value	nonuniform List<vector>
10
(
(0.016235109227022967 0.042516393118116357 0.0) 
(0.022697538745780572 0.04915274537571062 0.0) 
(0.030562886163104215 0.05111679164901965 0.0) 
(0.03848435150413203 0.053096966242270664 0.0) 
(0.04628228118938943 0.0546616421643242 0.0) 
(0.05405071312957837 0.05465018929463177 0.0) 
(0.06189958852605547 0.053082960762317284 0.0) 
(0.06986449590549182 0.05107488768538382 0.0) 
(0.07785362985409043 0.048722304475581346 0.0) 
(0.08496513042220959 0.04172453809184002 0.0) 
)
;
	}
	top
	{
		type	solidTraction;
		value	nonuniform List<vector>
10
(
(0.016124814715536093 -0.04267079716460177 0.0) 
(0.022675280801748337 -0.04910143304588376 0.0) 
(0.03055210933366245 -0.05097550758713521 0.0) 
(0.03843908718058606 -0.052926117261711404 0.0) 
(0.04619646701065126 -0.05449344397208447 0.0) 
(0.05390366725222234 -0.05449419081244599 0.0) 
(0.06166060248175443 -0.052924868144422356 0.0) 
(0.0695568073398148 -0.05095281185297352 0.0) 
(0.07739844975728394 -0.04900978821445544 0.0) 
(0.08383123245107361 -0.042428373147197135 0.0) 
)
;
	}
	left
	{
		type	fixedValue;
		value	uniform (0.0 0.0 0.0);
	}
	right
	{
		type	fixedValue;
		value	uniform (0.1 0.0 0.0);
	}
	frontAndBackPlanes
	{
		type	empty;
	}
}
