/*
 _____     _____     _____ _____ _____ _____    |  High-order Python FOAM
|  |  |___|  _  |_ _|   __|     |  _  |     |   |  Python Version: 3.10
|     | . |   __| | |   __|  |  |     | | | |   |  Code Version: 0.0
|__|__|___|__|  |_  |__|  |_____|__|__|_|_|_|   |  License: GPLv3
                |___|
*/
FoamFile
{
    version     2.0;
    format      ascii;
    class       volVectorField;
    location    "100.0";
    object     U;
}

dimensions      [0 1 0 0 0 0 0]; 

internalField   nonuniform List<vector>
100
(
(0.015032141044699717 0.036866663946095904 0.0) 
(0.020030993828115577 0.04622456532552894 0.0) 
(0.028629903048189742 0.046858958173488445 0.0) 
(0.03739387619414172 0.049420896389927804 0.0) 
(0.04591203239518233 0.05087019356025886 0.0) 
(0.05441675008783485 0.05085310520136443 0.0) 
(0.06296947767287867 0.04936673466972047 0.0) 
(0.07184669889741875 0.04685299330765227 0.0) 
(0.08018186386680713 0.045816353096575065 0.0) 
(0.0860525393658697 0.03616816370580932 0.0) 
(0.01632565990271137 0.02463684640754787 0.0) 
(0.014877629672584792 0.03609425586609252 0.0) 
(0.024788247509641943 0.03985049572879231 0.0) 
(0.03516674463121886 0.04171059361966243 0.0) 
(0.045195860769097616 0.04274733340156437 0.0) 
(0.05513157531994949 0.04272175995465749 0.0) 
(0.06518321484929877 0.04163048878710899 0.0) 
(0.07556648236168226 0.03966918273415384 0.0) 
(0.08548326487365952 0.03569580132162273 0.0) 
(0.08381848347483407 0.02448310164568568 0.0) 
(0.011804013844876093 0.013239291097666032 0.0) 
(0.011024545213021174 0.02443537266199641 0.0) 
(0.021298752312153665 0.028464405995004955 0.0) 
(0.03311512366035781 0.030307039888964053 0.0) 
(0.04450744966095994 0.031061505609088543 0.0) 
(0.055752735438447706 0.03103061984887359 0.0) 
(0.06713916400296399 0.03020854307696624 0.0) 
(0.0789220164901776 0.028278103043064266 0.0) 
(0.08908733613456431 0.02423044153921259 0.0) 
(0.08829692739054583 0.013178261267260443 0.0) 
(0.011781224541595595 0.007378703784603682 0.0) 
(0.008326824995400097 0.013899618970659956 0.0) 
(0.018943863499926588 0.017082087652383598 0.0) 
(0.031556994605666605 0.01845822436294068 0.0) 
(0.04396328152900085 0.018977890573603298 0.0) 
(0.05621822564321995 0.018951924727792648 0.0) 
(0.06860373378631286 0.01837986895903465 0.0) 
(0.08116326455146552 0.016966137991493085 0.0) 
(0.09171836297544372 0.013793024600585332 0.0) 
(0.08818192887374653 0.007359706706288689 0.0) 
(0.01191171157239183 0.002355627264100307 0.0) 
(0.0074279136713093705 0.004574173734258285 0.0) 
(0.017803715970481263 0.00568452120018159 0.0) 
(0.030755959132104497 0.006211138085823639 0.0) 
(0.04366358970213573 0.006396720743328073 0.0) 
(0.05645686598425694 0.006381292117831387 0.0) 
(0.06934078632569818 0.006168045359318121 0.0) 
(0.08225070346605952 0.005625001937257201 0.0) 
(0.09258604127191679 0.004525251210545737 0.0) 
(0.08810723011338277 0.0023369444442228188 0.0) 
(0.011946169043256407 -0.002293445120570307 0.0) 
(0.007427823640065816 -0.004559230285794027 0.0) 
(0.017806095447459775 -0.005696595633252207 0.0) 
(0.03075474147756961 -0.006230644671707512 0.0) 
(0.04365325134738126 -0.006425606758558724 0.0) 
(0.05643672902532533 -0.006429949309062419 0.0) 
(0.06931443818630353 -0.006242355145473897 0.0) 
(0.08222617079502537 -0.005713552599897629 0.0) 
(0.09257601498611723 -0.004584235656083292 0.0) 
(0.08806866593339102 -0.002316716247542191 0.0) 
(0.011822129427556302 -0.0073197531874034305 0.0) 
(0.008336877560240086 -0.01389348386848288 0.0) 
(0.018958651574860208 -0.01708862420585498 0.0) 
(0.03155466998176065 -0.01845968054936721 0.0) 
(0.04393236351894235 -0.01898698323613478 0.0) 
(0.05615679587500506 -0.018982867634695443 0.0) 
(0.06851880761429548 -0.018446616799548343 0.0) 
(0.0810824630021018 -0.017066966701413607 0.0) 
(0.09166658801508724 -0.01388702016437454 0.0) 
(0.08815674574018144 -0.007355264785718897 0.0) 
(0.011946023024211222 -0.01321343594275497 0.0) 
(0.011096899298961873 -0.02445193175674044 0.0) 
(0.0213305357851265 -0.0284363987212391 0.0) 
(0.03311228636798348 -0.030268578506057856 0.0) 
(0.04445733681827282 -0.031028982498509376 0.0) 
(0.0556493500589671 -0.03102057993039633 0.0) 
(0.06698853805703317 -0.030243158371170243 0.0) 
(0.0787505837333254 -0.0283930590740625 0.0) 
(0.0889823342709102 -0.024385692577534267 0.0) 
(0.08809735149860433 -0.013234458107661882 0.0) 
(0.016861926180189755 -0.024760611179800173 0.0) 
(0.014945745354900416 -0.036054796838509935 0.0) 
(0.024824126381292205 -0.03976536977262958 0.0) 
(0.03515280789173621 -0.041609136912039456 0.0) 
(0.04512296034448954 -0.0426503020866559 0.0) 
(0.05499462837732269 -0.042647620514199895 0.0) 
(0.06497182419387267 -0.04159201266795409 0.0) 
(0.07530913641271846 -0.039723854561832646 0.0) 
(0.08517129868621337 -0.035997369338847396 0.0) 
(0.08370340483378463 -0.02462623305669191 0.0) 
(0.015004909903629978 -0.03703500816594494 0.0) 
(0.02010861631942636 -0.04613064444445158 0.0) 
(0.028623453206199734 -0.04673641832085855 0.0) 
(0.03736145367079779 -0.04926361376482352 0.0) 
(0.045831955167185905 -0.05072351081432769 0.0) 
(0.05427433113524134 -0.050722389397715895 0.0) 
(0.06274774770144362 -0.04926158138086933 0.0) 
(0.07148279316592952 -0.0467064542903597 0.0) 
(0.08005291614796782 -0.04608467878545389 0.0) 
(0.08501732186960731 -0.036800009126089314 0.0) 
)
;

boundaryField
{
	bottom
	{
		type	solidTraction;
		value	nonuniform List<vector>
10
(
(0.01603031653613534 0.04271638599756678 0.0) 
(0.022605864531721052 0.04915020758515832 0.0) 
(0.030545899706669977 0.05107734575256553 0.0) 
(0.03846969998589868 0.05307453359345976 0.0) 
(0.046274771258159236 0.05462793567189535 0.0) 
(0.05406373579585263 0.05461526566356825 0.0) 
(0.0619226182294877 0.05305916180973871 0.0) 
(0.06989260574677739 0.051040552959286174 0.0) 
(0.07794989811139982 0.04871864974839546 0.0) 
(0.0851795527370355 0.04190042931902635 0.0) 
)
;
	}
	top
	{
		type	solidTraction;
		value	nonuniform List<vector>
10
(
(0.015915046363307653 -0.04287563972291284 0.0) 
(0.02258239341150461 -0.04909787935161864 0.0) 
(0.030534425205926325 -0.05093303926225822 0.0) 
(0.038423137183421746 -0.052900142044785686 0.0) 
(0.046187094008804344 -0.05445641128555973 0.0) 
(0.053913882896671955 -0.0544571365302254 0.0) 
(0.06167730739767425 -0.05289891002307835 0.0) 
(0.06957540230994406 -0.05091017077624486 0.0) 
(0.07749132280476516 -0.04900399319949206 0.0) 
(0.08403726111291886 -0.042625016705038515 0.0) 
)
;
	}
	left
	{
		type	fixedValue;
		value	uniform (0.0 0.0 0.0);
	}
	right
	{
		type	fixedValue;
		value	uniform (0.1 0.0 0.0);
	}
	frontAndBackPlanes
	{
		type	empty;
	}
}
