/*
 _____     _____     _____ _____ _____ _____    |  High-order Python FOAM
|  |  |___|  _  |_ _|   __|     |  _  |     |   |  Python Version: 3.10
|     | . |   __| | |   __|  |  |     | | | |   |  Code Version: 0.0
|__|__|___|__|  |_  |__|  |_____|__|__|_|_|_|   |  License: GPLv3
                |___|
*/
FoamFile
{
    version     2.0;
    format      ascii;
    class       volVectorField;
    location    "73.0";
    object     U;
}

dimensions      [0 1 0 0 0 0 0]; 

internalField   nonuniform List<vector>
100
(
(0.015545179727315 0.0360893689886829 0.0) 
(0.020222719642078443 0.0464400865802053 0.0) 
(0.02862185223718754 0.046990653088275144 0.0) 
(0.0374032115292955 0.049475014565401224 0.0) 
(0.045927491147873825 0.0509667941441823 0.0) 
(0.05438307728981759 0.050953267731127544 0.0) 
(0.06293652528204108 0.04942938313740614 0.0) 
(0.0718108277748919 0.0469689629975541 0.0) 
(0.07999159895030568 0.04601892410368563 0.0) 
(0.0854999017783873 0.03547077302586817 0.0) 
(0.01587018108017457 0.023859723512275652 0.0) 
(0.0150627876077886 0.03604787050458935 0.0) 
(0.02475187573410758 0.03995097472909234 0.0) 
(0.035101073926755474 0.041781027293272356 0.0) 
(0.045171833178838265 0.042806167515289616 0.0) 
(0.055137529996283845 0.04278238194135947 0.0) 
(0.06522875469473156 0.04170320746104618 0.0) 
(0.07558317120606066 0.039770757969108214 0.0) 
(0.08527465728029668 0.035673169785260486 0.0) 
(0.0842513102704266 0.023718845278419158 0.0) 
(0.011578770197353889 0.013028435913738076 0.0) 
(0.011188328274755464 0.024372101290109402 0.0) 
(0.021215899034498824 0.028575562193179773 0.0) 
(0.032997913114206086 0.030438401496577852 0.0) 
(0.04446565846838822 0.03118686816143636 0.0) 
(0.05578028922223017 0.031156844114360087 0.0) 
(0.06724174404451784 0.030342274746022985 0.0) 
(0.07898991115207099 0.028396986784533732 0.0) 
(0.08891617686650281 0.024179972636652308 0.0) 
(0.08851319500211409 0.012974197389775158 0.0) 
(0.011599806757570183 0.007247579128578501 0.0) 
(0.00860111197840957 0.013879829789436287 0.0) 
(0.018857766370225446 0.01713716024517226 0.0) 
(0.03141207444881007 0.01854350659205062 0.0) 
(0.04390984891663403 0.01906578358984858 0.0) 
(0.056260970872866335 0.019040344564649037 0.0) 
(0.06873859410991236 0.018467303214536306 0.0) 
(0.08124242303443958 0.017025677629864795 0.0) 
(0.09144194125995385 0.013778616961617397 0.0) 
(0.0883581602126049 0.007227983751402098 0.0) 
(0.011733311410113684 0.002314987373195595 0.0) 
(0.007736091883052919 0.0045621825542617065 0.0) 
(0.017729434588305722 0.005698702718467514 0.0) 
(0.03060260222138311 0.006235264432206193 0.0) 
(0.043605768408572325 0.006423356149549217 0.0) 
(0.05650661935959083 0.006408067477396981 0.0) 
(0.06948744305887959 0.006192638869468639 0.0) 
(0.08232152897301633 0.005640081969400954 0.0) 
(0.09227834517249651 0.004513877174494837 0.0) 
(0.08828191815250026 0.002295526082261518 0.0) 
(0.011766663762847155 -0.0022590670071032486 0.0) 
(0.007736769732692744 -0.00454817591984003 0.0) 
(0.017731745365186135 -0.005709792108199116 0.0) 
(0.030601224904279693 -0.006253877725510245 0.0) 
(0.04359583745017063 -0.006451692920847477 0.0) 
(0.05648747417895755 -0.006456428492734205 0.0) 
(0.06946251719067414 -0.006266906494035936 0.0) 
(0.08229828302887614 -0.0057289544820477096 0.0) 
(0.09226847673229212 -0.004575178264580246 0.0) 
(0.08824548997085618 -0.002282604662035362 0.0) 
(0.011638646900743985 -0.007195143969011913 0.0) 
(0.008613508341459733 -0.013874508316325118 0.0) 
(0.01887168899064875 -0.017142831489735874 0.0) 
(0.03140927205023221 -0.01854498476954246 0.0) 
(0.04388028243200233 -0.019075193968181702 0.0) 
(0.05620254652431657 -0.019071787133602698 0.0) 
(0.06865831955675035 -0.018534564185655456 0.0) 
(0.08116624793428666 -0.01712620873692634 0.0) 
(0.09139155921734993 -0.013872555452608402 0.0) 
(0.08833799389535468 -0.007229003111012127 0.0) 
(0.011716707804280106 -0.013008461590563696 0.0) 
(0.011261005711543802 -0.024388113635723133 0.0) 
(0.021246299684510278 -0.02854978222525717 0.0) 
(0.03299468958925718 -0.030402700227690906 0.0) 
(0.044418199834498205 -0.031156957581386483 0.0) 
(0.05568218554732572 -0.03114912842556206 0.0) 
(0.06709922696625999 -0.030379783997200455 0.0) 
(0.07882950289495814 -0.028511872614674364 0.0) 
(0.08881668236220358 -0.024330220766698232 0.0) 
(0.08832086806168557 -0.013026712334378448 0.0) 
(0.01637633552375225 -0.023967431515148158 0.0) 
(0.015134773945795588 -0.03601373406725226 0.0) 
(0.024786669176049346 -0.0398736105901219 0.0) 
(0.035088067498222554 -0.041687802162472656 0.0) 
(0.0451035561481899 -0.04271632991638082 0.0) 
(0.055008630206168904 -0.04271379000746897 0.0) 
(0.06503031904035501 -0.04167150755090966 0.0) 
(0.07534163225950363 -0.0398349590708552 0.0) 
(0.08498275342937849 -0.03596109845946044 0.0) 
(0.0841554397420859 -0.023852859485233028 0.0) 
(0.015528860851626148 -0.03624094544202621 0.0) 
(0.020297333950574047 -0.04635474036143062 0.0) 
(0.02861816642134126 -0.0468775840087805 0.0) 
(0.037373698561231135 -0.04932946549952846 0.0) 
(0.04585320536565283 -0.050830542034171845 0.0) 
(0.05424912655941053 -0.05082951702525435 0.0) 
(0.0627315260903679 -0.04932725337835097 0.0) 
(0.07148552789854135 -0.04684911487000494 0.0) 
(0.0798575842967971 -0.046310886762339076 0.0) 
(0.08449992744720428 -0.036032369288937084 0.0) 
)
;

boundaryField
{
	bottom
	{
		type	solidTraction;
		value	nonuniform List<vector>
10
(
(0.016738611541299492 0.042002519178573894 0.0) 
(0.022935177803955292 0.04917480210319617 0.0) 
(0.03059507606710964 0.05124020007687641 0.0) 
(0.03850699276892831 0.05315224832750616 0.0) 
(0.04629599291186374 0.05473004492525705 0.0) 
(0.05402279541208774 0.054721355661683735 0.0) 
(0.06185575537818178 0.05314045897033404 0.0) 
(0.06980548600126181 0.05118494335214266 0.0) 
(0.07760423163077451 0.04874800255536141 0.0) 
(0.08443533755413694 0.0412696921874604 0.0) 
)
;
	}
	top
	{
		type	solidTraction;
		value	nonuniform List<vector>
10
(
(0.01663958177379078 -0.042145541111673 0.0) 
(0.02291601672843635 -0.04912609198383062 0.0) 
(0.030586236703555602 -0.051106722801098486 0.0) 
(0.03846489536369938 -0.05299052036088812 0.0) 
(0.046214689040525905 -0.05456999021440682 0.0) 
(0.0538831389298537 -0.05457061800755557 0.0) 
(0.06163288456818435 -0.05298897787387673 0.0) 
(0.06952050123264646 -0.05108446677466923 0.0) 
(0.07715751105770785 -0.04904002011449169 0.0) 
(0.08332431439919931 -0.041922335251602834 0.0) 
)
;
	}
	left
	{
		type	fixedValue;
		value	uniform (0.0 0.0 0.0);
	}
	right
	{
		type	fixedValue;
		value	uniform (0.1 0.0 0.0);
	}
	frontAndBackPlanes
	{
		type	empty;
	}
}
