/*
 _____     _____     _____ _____ _____ _____    |  High-order Python FOAM
|  |  |___|  _  |_ _|   __|     |  _  |     |   |  Python Version: 3.10
|     | . |   __| | |   __|  |  |     | | | |   |  Code Version: 0.0
|__|__|___|__|  |_  |__|  |_____|__|__|_|_|_|   |  License: GPLv3
                |___|
*/
FoamFile
{
    version     2.0;
    format      ascii;
    class       volVectorField;
    location    "77.0";
    object     U;
}

dimensions      [0 1 0 0 0 0 0]; 

internalField   nonuniform List<vector>
100
(
(0.015445198168352024 0.03624861465207327 0.0) 
(0.020180436685320855 0.04639334938366456 0.0) 
(0.02862638456331947 0.04695899771783173 0.0) 
(0.03740364557538903 0.04946515177646825 0.0) 
(0.04592532774396719 0.05095180417975955 0.0) 
(0.05438893815555065 0.05093759257372654 0.0) 
(0.06294092195326229 0.04941807023183802 0.0) 
(0.071814845180124 0.046940626145923196 0.0) 
(0.08003359592660889 0.045974322831695384 0.0) 
(0.08560818753331818 0.03561438122795628 0.0) 
(0.015960629277332567 0.024009765154158102 0.0) 
(0.015029393352104695 0.03605922893496921 0.0) 
(0.024759038583204218 0.0399302333799507 0.0) 
(0.035113897000303824 0.04176784006243745 0.0) 
(0.04517655306774635 0.04279735134081758 0.0) 
(0.05513640295626799 0.04277325094234322 0.0) 
(0.06521996617505693 0.04168964673613218 0.0) 
(0.07558000091839838 0.0397497955391838 0.0) 
(0.08531278846936693 0.03567982531575567 0.0) 
(0.0841651888454084 0.023866532710905698 0.0) 
(0.011623636470028642 0.013071353403822867 0.0) 
(0.011156944928711226 0.024385436393598733 0.0) 
(0.02123123111714973 0.02855340480304633 0.0) 
(0.03302042750606477 0.030412159799918355 0.0) 
(0.044473873634237354 0.03116289317870619 0.0) 
(0.055774860497504894 0.031132715425323264 0.0) 
(0.06722214558990132 0.03031557531606524 0.0) 
(0.07897759760418266 0.02837327722529047 0.0) 
(0.08894912283928373 0.02419076719104396 0.0) 
(0.08846999954875054 0.013015860387034322 0.0) 
(0.011637131981698946 0.007273210691916286 0.0) 
(0.008547410394046242 0.013884006423095032 0.0) 
(0.018872436405819273 0.017125763256886153 0.0) 
(0.03143986087253821 0.018526033625953172 0.0) 
(0.0439204913543771 0.019048237046673123 0.0) 
(0.05625239283758491 0.01902270003276437 0.0) 
(0.06871277480591118 0.018449408779007952 0.0) 
(0.08122916204206226 0.017013382791126047 0.0) 
(0.09149618733636043 0.013781703226737803 0.0) 
(0.08832176446518664 0.007253688980490491 0.0) 
(0.011769651449802368 0.002322920958145422 0.0) 
(0.007675290828319753 0.004564488804459783 0.0) 
(0.017741284736528744 0.005695655516464979 0.0) 
(0.03063193707575442 0.006230200315830445 0.0) 
(0.043617343038461355 0.006417925794395929 0.0) 
(0.05649658478687485 0.0064026159267464985 0.0) 
(0.06945939204702012 0.006187492089964789 0.0) 
(0.08231037758931381 0.005636854613749282 0.0) 
(0.09233916519584413 0.004516038802634105 0.0) 
(0.0882462752588262 0.002303555809065791 0.0) 
(0.011803222298287808 -0.002265794402186361 0.0) 
(0.007675824037527138 -0.004550240207130083 0.0) 
(0.01774360036646281 -0.00570686733116817 0.0) 
(0.030630584593395745 -0.006248919717003422 0.0) 
(0.04360733379515902 -0.006446291100082793 0.0) 
(0.05647724682681625 -0.006450941978458553 0.0) 
(0.06943418490759899 -0.006261677261616981 0.0) 
(0.0822868692365127 -0.005725599897461183 0.0) 
(0.09232924345561953 -0.00457687673700727 0.0) 
(0.08820944106157706 -0.002289307523483786 0.0) 
(0.011676408295722984 -0.0072195311676782285 0.0) 
(0.008559380636799238 -0.013878476762388136 0.0) 
(0.018886499094041685 -0.017131529215864937 0.0) 
(0.031437135669989874 -0.018527433826143063 0.0) 
(0.04389066443594619 -0.019057496410534915 0.0) 
(0.05619337794328092 -0.019053943290971397 0.0) 
(0.0686315668236874 -0.018516485599688343 0.0) 
(0.0811520415755796 -0.017113934267530446 0.0) 
(0.09144545610469902 -0.013875672970045782 0.0) 
(0.08830066056171357 -0.00725372260381562 0.0) 
(0.011762456077190668 -0.013050330287093008 0.0) 
(0.011229616023795314 -0.02440151055545731 0.0) 
(0.021261881988689123 -0.028527134343680125 0.0) 
(0.03301725593613452 -0.03037583705258883 0.0) 
(0.0444258988443903 -0.03113238036100279 0.0) 
(0.05567570703503683 -0.03112443572916853 0.0) 
(0.06707797403609977 -0.030352427256963112 0.0) 
(0.07881493409774377 -0.028488167536012732 0.0) 
(0.0888484511657686 -0.024342014444900355 0.0) 
(0.08827618801048552 -0.01306908687859835 0.0) 
(0.016472703868654476 -0.024120453341221582 0.0) 
(0.015100759853849155 -0.03602407857837249 0.0) 
(0.024794025721865343 -0.039851302409859714 0.0) 
(0.035100678653203155 -0.04167293622204682 0.0) 
(0.04510735713365579 -0.042706052826668034 0.0) 
(0.055005890903663805 -0.04270349555543222 0.0) 
(0.06501890194502563 -0.041656490630581286 0.0) 
(0.0753352353498915 -0.03981207257791367 0.0) 
(0.08501682018891919 -0.0359704562730607 0.0) 
(0.08406564254774172 -0.024002263077238174 0.0) 
(0.015426921214406924 -0.036403381686039196 0.0) 
(0.020255577505282014 -0.046306343143622225 0.0) 
(0.0286221318922109 -0.04684396740295374 0.0) 
(0.0373735508261726 -0.04931719323356027 0.0) 
(0.045849925897482754 -0.05081349561677709 0.0) 
(0.05425322073626949 -0.05081248670585706 0.0) 
(0.06273244469672787 -0.04931505796603471 0.0) 
(0.07148206121625914 -0.04681520029397908 0.0) 
(0.07990064350385692 -0.04626197874761607 0.0) 
(0.08460081338153423 -0.036189795050276446 0.0) 
)
;

boundaryField
{
	bottom
	{
		type	solidTraction;
		value	nonuniform List<vector>
10
(
(0.01659837048881474 0.042149301072900186 0.0) 
(0.022867141069868976 0.04916667687120922 0.0) 
(0.03058732915603942 0.05120180956180536 0.0) 
(0.03850290265911652 0.05313684596069224 0.0) 
(0.046293096476350624 0.054713926108540464 0.0) 
(0.054029740310477165 0.05470451241646479 0.0) 
(0.06186580757388163 0.05312460703936972 0.0) 
(0.06982060327001444 0.05115034718868356 0.0) 
(0.07767560291309668 0.048738705089631316 0.0) 
(0.08458324871580761 0.04140007062998527 0.0) 
)
;
	}
	top
	{
		type	solidTraction;
		value	nonuniform List<vector>
10
(
(0.01649632310185351 -0.042295417291990905 0.0) 
(0.022847102612656985 -0.04911722018296494 0.0) 
(0.030577925844976865 -0.051066104890479275 0.0) 
(0.03845992951117615 -0.052972531078253164 0.0) 
(0.046210539152340864 -0.05455161391557645 0.0) 
(0.053887954272264206 -0.05455229274115539 0.0) 
(0.06163838519999229 -0.0529710937417516 0.0) 
(0.06952940956294557 -0.05104371669991062 0.0) 
(0.0772265105450604 -0.04902958272329686 0.0) 
(0.0834655543862163 -0.04206697512866196 0.0) 
)
;
	}
	left
	{
		type	fixedValue;
		value	uniform (0.0 0.0 0.0);
	}
	right
	{
		type	fixedValue;
		value	uniform (0.1 0.0 0.0);
	}
	frontAndBackPlanes
	{
		type	empty;
	}
}
