/*
 _____     _____     _____ _____ _____ _____    |  High-order Python FOAM
|  |  |___|  _  |_ _|   __|     |  _  |     |   |  Python Version: 3.10
|     | . |   __| | |   __|  |  |     | | | |   |  Code Version: 0.0
|__|__|___|__|  |_  |__|  |_____|__|__|_|_|_|   |  License: GPLv3
                |___|
*/
FoamFile
{
    version     2.0;
    format      ascii;
    class       volVectorField;
    location    "87.0";
    object     U;
}

dimensions      [0 1 0 0 0 0 0]; 

internalField   nonuniform List<vector>
100
(
(0.015235677500824208 0.03656960199057017 0.0) 
(0.020099768013965236 0.04630254306938585 0.0) 
(0.02863144125286671 0.04690254296213088 0.0) 
(0.037400554492957636 0.04944334807023044 0.0) 
(0.04591915398450245 0.0509131269104339 0.0) 
(0.05440261959652631 0.050897448038872535 0.0) 
(0.06295379868785167 0.04939288037611096 0.0) 
(0.07182775405311324 0.046890766261869485 0.0) 
(0.0801136596584031 0.045888651444584386 0.0) 
(0.08583420515788476 0.0359026952294827 0.0) 
(0.016147409479367606 0.02432620059831426 0.0) 
(0.014955548414699435 0.03607961110773525 0.0) 
(0.024774057641405355 0.039888816079837706 0.0) 
(0.03514072989925377 0.041739396191270296 0.0) 
(0.04518636216585276 0.0427744067665394 0.0) 
(0.05513400271686471 0.04274959124265429 0.0) 
(0.06520141327315795 0.04166030769388942 0.0) 
(0.07557311484065767 0.039707939247024766 0.0) 
(0.0853963209454861 0.03569047685697154 0.0) 
(0.08398760718480583 0.02417783421126014 0.0) 
(0.011716355279251646 0.013158646247264923 0.0) 
(0.011090649490952986 0.024411864595540473 0.0) 
(0.021264869099016936 0.028507790740505204 0.0) 
(0.033068249199305455 0.030358195274386386 0.0) 
(0.04449101855799375 0.031111938017471287 0.0) 
(0.05576352407195388 0.031081418060181217 0.0) 
(0.06718032459935373 0.030260651099593475 0.0) 
(0.07895012477969311 0.028324488310993056 0.0) 
(0.08901851124322685 0.02421194699503434 0.0) 
(0.08838089557302346 0.0131004244908698 0.0) 
(0.01171258039095381 0.007326804386052864 0.0) 
(0.008435634184568828 0.01389227266485617 0.0) 
(0.018906807711666366 0.01710292940233416 0.0) 
(0.03149907663374517 0.018490820859447643 0.0) 
(0.04394254181842583 0.0190122428218665 0.0) 
(0.05623468549720463 0.018986496284946926 0.0) 
(0.06865765858578159 0.01841332372591488 0.0) 
(0.08119764841592025 0.016988718105485558 0.0) 
(0.09160891615783039 0.013787754125481071 0.0) 
(0.088248390276718 0.0073075044713779395 0.0) 
(0.011843608054126915 0.0023395141264287087 0.0) 
(0.007549442182505293 0.004569365403705241 0.0) 
(0.017770638539004416 0.005689720852387317 0.0) 
(0.03069463894345677 0.006220190833895689 0.0) 
(0.0436412689195693 0.006406983891144034 0.0) 
(0.056475927477175523 0.006391622545157816 0.0) 
(0.06939940305219064 0.006177302857782537 0.0) 
(0.08228244044177269 0.00563055868858512 0.0) 
(0.09246488648796106 0.004520656880135405 0.0) 
(0.0881738202097281 0.0023204350921254622 0.0) 
(0.011877630736290536 -0.0022798392890885843 0.0) 
(0.007549663798886838 -0.004554708838910783 0.0) 
(0.017772976346988142 -0.005701312319265063 0.0) 
(0.030693347822536205 -0.006239258772162771 0.0) 
(0.04363109474160761 -0.0064355527241910515 0.0) 
(0.05645618689057389 -0.0064400375609619965 0.0) 
(0.06937361598540757 -0.006251466602251058 0.0) 
(0.08225840284089454 -0.005719138921136854 0.0) 
(0.09245488756657039 -0.004580538192617804 0.0) 
(0.08813612010559813 -0.0023032583881064284 0.0) 
(0.011752722261644248 -0.007270479910083079 0.0) 
(0.0084466638202583 -0.01388639206574307 0.0) 
(0.0189212049759614 -0.017109022289476528 0.0) 
(0.031496536698029695 -0.018492190526131685 0.0) 
(0.043912166855936775 -0.019021343991200142 0.0) 
(0.0561744464576094 -0.019017497098945693 0.0) 
(0.0685745439215002 -0.018480155707129735 0.0) 
(0.08111861986904102 -0.017089374896012432 0.0) 
(0.0915575700972332 -0.013881760642220449 0.0) 
(0.0882252572286891 -0.007305352851162163 0.0) 
(0.01185689779306054 -0.013135286120842865 0.0) 
(0.011163222494268927 -0.02442814734984785 0.0) 
(0.021296071906645394 -0.028480591933867743 0.0) 
(0.033065220614365065 -0.03032071412611568 0.0) 
(0.044441962956382225 -0.031080325046097857 0.0) 
(0.055662210562598756 -0.03107214560841058 0.0) 
(0.06703280952551413 -0.030296281253699583 0.0) 
(0.07878290120772223 -0.0284394096482433 0.0) 
(0.08891552617585671 -0.024365257149314055 0.0) 
(0.08818407458526573 -0.013155154916222916 0.0) 
(0.016671818692583863 -0.024443363713963592 0.0) 
(0.015025416710670014 -0.03604231382980009 0.0) 
(0.024809478041934653 -0.03980669808836967 0.0) 
(0.03512711404441447 -0.041641101064773416 0.0) 
(0.045115271444051315 -0.042680153296131076 0.0) 
(0.05500018692613995 -0.04267754619038718 0.0) 
(0.06499500521788837 -0.041624328162760814 0.0) 
(0.07532180903541501 -0.03976629220609122 0.0) 
(0.08509206025691779 -0.035986706244898664 0.0) 
(0.08388025187256513 -0.02431724158180718 0.0) 
(0.015213053628372445 -0.036731175561064464 0.0) 
(0.02017610729096819 -0.046212060376069564 0.0) 
(0.028626042530714563 -0.04678359719412885 0.0) 
(0.03736926094757546 -0.04929053531418749 0.0) 
(0.04584140305535098 -0.05077055304748737 0.0) 
(0.05426339026123739 -0.05076953033110921 0.0) 
(0.06273835963449378 -0.0492885081979859 0.0) 
(0.07147919610127029 -0.046754223894984986 0.0) 
(0.07998282401140511 -0.046166780789904514 0.0) 
(0.08481214261571955 -0.03650688957294066 0.0) 
)
;

boundaryField
{
	bottom
	{
		type	solidTraction;
		value	nonuniform List<vector>
10
(
(0.016307932528248237 0.0424440865848313 0.0) 
(0.02273076083639989 0.04915451686412728 0.0) 
(0.030568274817624756 0.051132037237009896 0.0) 
(0.03848886023006898 0.05310467169913602 0.0) 
(0.04628474773184456 0.05467276526529265 0.0) 
(0.05404624912990191 0.0546617379642056 0.0) 
(0.06189205728155775 0.05309109227501418 0.0) 
(0.06985517026604574 0.0510882608991394 0.0) 
(0.07781874315855217 0.048724516185379006 0.0) 
(0.08488872162567104 0.0416607977482366 0.0) 
)
;
	}
	top
	{
		type	solidTraction;
		value	nonuniform List<vector>
10
(
(0.016199351095517237 -0.04259679685303261 0.0) 
(0.022708945955813777 -0.04910357576138046 0.0) 
(0.030557765409122407 -0.05099186117195171 0.0) 
(0.03844406007192407 -0.05293512491036755 0.0) 
(0.04619959073621764 -0.05450576618700343 0.0) 
(0.053900227622352706 -0.054506508957367396 0.0) 
(0.0616553567304835 -0.052933851749108723 0.0) 
(0.06955083041105779 -0.05096922540680265 0.0) 
(0.07736477439881496 -0.04901273034355878 0.0) 
(0.08375794214917986 -0.042357230982122865 0.0) 
)
;
	}
	left
	{
		type	fixedValue;
		value	uniform (0.0 0.0 0.0);
	}
	right
	{
		type	fixedValue;
		value	uniform (0.1 0.0 0.0);
	}
	frontAndBackPlanes
	{
		type	empty;
	}
}
