/*
 _____     _____     _____ _____ _____ _____    |  High-order Python FOAM
|  |  |___|  _  |_ _|   __|     |  _  |     |   |  Python Version: 3.10
|     | . |   __| | |   __|  |  |     | | | |   |  Code Version: 0.0
|__|__|___|__|  |_  |__|  |_____|__|__|_|_|_|   |  License: GPLv3
                |___|
*/
FoamFile
{
    version     2.0;
    format      ascii;
    class       volVectorField;
    location    "6.0";
    object     U;
}

dimensions      [0 1 0 0 0 0 0]; 

internalField   nonuniform List<vector>
100
(
(0.02065723324869149 0.017023422714090866 0.0) 
(0.03298460999031961 0.04432354777015471 0.0) 
(0.03755971819744842 0.06002628091161631 0.0) 
(0.042724771815758636 0.06896800069764115 0.0) 
(0.04756125868759388 0.07301109688619559 0.0) 
(0.0525095910816903 0.07296923715207942 0.0) 
(0.05736538597087037 0.06884029897162826 0.0) 
(0.06257888000666904 0.05982633609822232 0.0) 
(0.0672152933344532 0.04406142862973503 0.0) 
(0.07981340119846159 0.01703965411923309 0.0) 
(0.011350483224011306 0.01581069828513961 0.0) 
(0.01882772506335203 0.034963581065999 0.0) 
(0.027908600104702346 0.04919968295034695 0.0) 
(0.03668277417235286 0.0571890112888419 0.0) 
(0.0455956037380199 0.06082932458442285 0.0) 
(0.054529885228732894 0.06079302439259516 0.0) 
(0.06344847606234524 0.05708479756161927 0.0) 
(0.07222205257001649 0.04904737527405204 0.0) 
(0.0812771934598563 0.0348297319197602 0.0) 
(0.088615800358965 0.015774649003269976 0.0) 
(0.0106046720622124 0.01100822604260178 0.0) 
(0.014883367010880492 0.02550482764725024 0.0) 
(0.022904275672403995 0.03567904182543092 0.0) 
(0.03310111539138719 0.042068900423825537 0.0) 
(0.0442895786894291 0.04499499679863761 0.0) 
(0.05578580541903147 0.04496730964475387 0.0) 
(0.06696357955110163 0.04199388628123238 0.0) 
(0.07713901685194882 0.03558161672097076 0.0) 
(0.08512604501810812 0.025430112400756606 0.0) 
(0.08942327387394663 0.010993739453405203 0.0) 
(0.01082099405127614 0.006748896575550178 0.0) 
(0.013354397855310365 0.01541969057784013 0.0) 
(0.020779655829479583 0.021604238673160824 0.0) 
(0.03129206377501767 0.025597253558428047 0.0) 
(0.04359024730845326 0.0275036678342132 0.0) 
(0.05643850249832332 0.02748499614629014 0.0) 
(0.06872589790741714 0.0255478590790193 0.0) 
(0.07921898365437224 0.0215442943171133 0.0) 
(0.08662746184852851 0.015374426424899182 0.0) 
(0.08907932200990604 0.006734841947831706 0.0) 
(0.011192892214606735 0.002238155581851615 0.0) 
(0.012922986298071868 0.005157867332223606 0.0) 
(0.019993374164234645 0.007217137332971998 0.0) 
(0.030596554182654896 0.00856663276656545 0.0) 
(0.04330487967584157 0.009217076541462654 0.0) 
(0.05669514817035715 0.009204675817204447 0.0) 
(0.06939601827849694 0.008534002531445099 0.0) 
(0.07998878385926667 0.00717638562719713 0.0) 
(0.08705435023415413 0.0051280100798694215 0.0) 
(0.08880135116785177 0.002225744878913423 0.0) 
(0.01123247401244974 -0.0022205248393293102 0.0) 
(0.012933505619973973 -0.00516291600522545 0.0) 
(0.020003371142509854 -0.00724174317728129 0.0) 
(0.030601376535201896 -0.00860637807652209 0.0) 
(0.04330420475601586 -0.009275349030203684 0.0) 
(0.05669007559401729 -0.0092836760558755 0.0) 
(0.06938764179324561 -0.008629073136604312 0.0) 
(0.07997822768841424 -0.007272529244500063 0.0) 
(0.08704763303625881 -0.005196351412865718 0.0) 
(0.08876329162264071 -0.0022385601872969506 0.0) 
(0.01083883724430948 -0.006733438311380423 0.0) 
(0.013400343095673286 -0.015431106625296316 0.0) 
(0.020813555878629906 -0.0216231807341965 0.0) 
(0.031306926561694925 -0.025626164003904574 0.0) 
(0.04358885866611499 -0.027554170245641864 0.0) 
(0.05642436522339637 -0.027559404985442994 0.0) 
(0.06870087955070193 -0.025641652393903168 0.0) 
(0.07918679871810486 -0.021645037072134044 0.0) 
(0.08658839660806283 -0.01545787940102289 0.0) 
(0.0890887582044427 -0.006753070636181705 0.0) 
(0.01076379644286385 -0.011000648054208972 0.0) 
(0.014990339240000948 -0.025523280178519677 0.0) 
(0.022960915537378834 -0.03567233978183331 0.0) 
(0.033126747803613486 -0.04207915572487464 0.0) 
(0.044296453563407154 -0.04503381240570816 0.0) 
(0.05576378381498295 -0.04503196562864688 0.0) 
(0.06692153296353635 -0.04208805762710836 0.0) 
(0.07708338275139962 -0.035689769915282755 0.0) 
(0.08506553678071199 -0.02553277135342891 0.0) 
(0.08923694572546637 -0.011010258494017974 0.0) 
(0.01169201261881162 -0.015799034269809283 0.0) 
(0.01894639610763946 -0.034925158255642796 0.0) 
(0.027977672209652346 -0.049164898403064865 0.0) 
(0.0367181659714733 -0.057179231656380024 0.0) 
(0.04559497875656747 -0.06084650665558915 0.0) 
(0.05450670594520127 -0.06085122191073396 0.0) 
(0.06339420388106767 -0.0571824977379842 0.0) 
(0.07213596671904034 -0.04918329696514793 0.0) 
(0.08116151564669441 -0.034957109449871154 0.0) 
(0.08864328332918604 -0.015809194854183167 0.0) 
(0.0206905610104056 -0.017017545804924677 0.0) 
(0.03309819129941152 -0.044213488826336904 0.0) 
(0.037643642818286284 -0.05996457296224772 0.0) 
(0.04278548057324866 -0.06893449925677114 0.0) 
(0.047596286068190295 -0.07301743871652651 0.0) 
(0.052511604577975754 -0.07301753887850158 0.0) 
(0.0573255527157889 -0.06893670920253898 0.0) 
(0.06247343306498493 -0.0599692282002306 0.0) 
(0.0670333552284405 -0.04428436250475091 0.0) 
(0.07933076864616397 -0.017022222636250084 0.0) 
)
;

boundaryField
{
	bottom
	{
		type	solidTraction;
		value	nonuniform List<vector>
10
(
(0.02587855562800643 0.01961556183501098 0.0) 
(0.03705067635927241 0.04523198518939918 0.0) 
(0.04268303620807622 0.06438540982490583 0.0) 
(0.04569834562615654 0.07455534076344181 0.0) 
(0.048583338270223285 0.07914033653003394 0.0) 
(0.05146502579714949 0.07909355018285298 0.0) 
(0.054379887635479726 0.0744145521576888 0.0) 
(0.05746798192280459 0.06415638979120897 0.0) 
(0.06328074177849319 0.045018187296764996 0.0) 
(0.07470342578774368 0.019607516673292323 0.0) 
)
;
	}
	top
	{
		type	solidTraction;
		value	nonuniform List<vector>
10
(
(0.02586147869112025 -0.019578476229316813 0.0) 
(0.03710922813749675 -0.045130434096919476 0.0) 
(0.04277468707690204 -0.06430119605056783 0.0) 
(0.045771823404709845 -0.07451294886473749 0.0) 
(0.04863301488680909 -0.07914207166112489 0.0) 
(0.051478019401136735 -0.07914156511246216 0.0) 
(0.05434102092421205 -0.07451431669519126 0.0) 
(0.05734726098893578 -0.06431882252094441 0.0) 
(0.06297136505113907 -0.045184034691680294 0.0) 
(0.07412148816557677 -0.019603350660171694 0.0) 
)
;
	}
	left
	{
		type	fixedValue;
		value	uniform (0.0 0.0 0.0);
	}
	right
	{
		type	fixedValue;
		value	uniform (0.1 0.0 0.0);
	}
	frontAndBackPlanes
	{
		type	empty;
	}
}
