/*
 _____     _____     _____ _____ _____ _____    |  High-order Python FOAM
|  |  |___|  _  |_ _|   __|     |  _  |     |   |  Python Version: 3.10
|     | . |   __| | |   __|  |  |     | | | |   |  Code Version: 0.0
|__|__|___|__|  |_  |__|  |_____|__|__|_|_|_|   |  License: GPLv3
                |___|
*/
FoamFile
{
    version     2.0;
    format      ascii;
    class       volVectorField;
    location    "41.0";
    object     U;
}

dimensions      [0 1 0 0 0 0 0]; 

internalField   nonuniform List<vector>
100
(
(0.01681233458783516 0.03356677307499351 0.0) 
(0.02097224818330569 0.047212117316477044 0.0) 
(0.028382237504351735 0.04775380300369584 0.0) 
(0.037136584804637184 0.049515262312477416 0.0) 
(0.045829687345117456 0.050675012355443534 0.0) 
(0.0544252059797897 0.05066728171364255 0.0) 
(0.06313368016574011 0.04947715335667734 0.0) 
(0.07194395134471267 0.04768352154619066 0.0) 
(0.07924375042478612 0.04678634711247974 0.0) 
(0.08409955040788551 0.03315132815596464 0.0) 
(0.01454774976688281 0.02190982241139431 0.0) 
(0.015360953669793617 0.035777550009026264 0.0) 
(0.02459560963223422 0.04023494842978479 0.0) 
(0.034864084695242915 0.04182113893534131 0.0) 
(0.04507691543533386 0.04260435066259598 0.0) 
(0.055181464027027116 0.04258275358539527 0.0) 
(0.06540907514174975 0.04174498318218504 0.0) 
(0.07568306305951522 0.04005964906848641 0.0) 
(0.08491061156705436 0.03546839482903736 0.0) 
(0.08552081213317876 0.021798020212741444 0.0) 
(0.010932530275253345 0.012385294282388475 0.0) 
(0.011542998919022227 0.024094244064234008 0.0) 
(0.021002097945569592 0.028796508913198716 0.0) 
(0.03266760832381906 0.030692352102671364 0.0) 
(0.04433362969131284 0.03134541510940205 0.0) 
(0.05587446906545571 0.031317113318319864 0.0) 
(0.06753112828211814 0.030602852942698596 0.0) 
(0.07916125155134603 0.028640802790290937 0.0) 
(0.0885382820247746 0.023937565803600985 0.0) 
(0.08913929549052906 0.012345737966277163 0.0) 
(0.011009679861636798 0.006882676557572781 0.0) 
(0.00928288686002784 0.013756900108721635 0.0) 
(0.01871903666764039 0.017240140684124553 0.0) 
(0.031041685829803115 0.01873186928289212 0.0) 
(0.043751074050408116 0.019240529548751238 0.0) 
(0.05639293968514809 0.019216691461655274 0.0) 
(0.06908253551336764 0.018662450345877376 0.0) 
(0.08136072736027827 0.017142620210526267 0.0) 
(0.09074996956104817 0.013672135282102349 0.0) 
(0.08894031126545701 0.006863873918598732 0.0) 
(0.01115984488123952 0.0021995913270748627 0.0) 
(0.00853096387686987 0.004511331802305726 0.0) 
(0.01766061898309565 0.00572396924091253 0.0) 
(0.0302318332088445 0.006291661103041747 0.0) 
(0.04343937693035738 0.006482883728489089 0.0) 
(0.05665413619214329 0.006468092787770845 0.0) 
(0.0698419481439504 0.006250960775560338 0.0) 
(0.08238011433479234 0.00566926866516057 0.0) 
(0.09148024746005111 0.004466786969827849 0.0) 
(0.08884713598856034 0.0021807834134200672 0.0) 
(0.01118967563231916 -0.002158531588479778 0.0) 
(0.008533165488396478 -0.004502663800132922 0.0) 
(0.01766292057822927 -0.0057367087301605545 0.0) 
(0.03023023417438492 -0.006312471978730824 0.0) 
(0.04343051594161066 -0.006514643613104027 0.0) 
(0.05663778589846822 -0.006520452842655017 0.0) 
(0.06982123707230166 -0.006328647550157199 0.0) 
(0.08236100056934226 -0.005760272848038767 0.0) 
(0.09147183212180189 -0.004532591676993894 0.0) 
(0.08881614009936592 -0.0021811776565084026 0.0) 
(0.01104222420896481 -0.006845471584248715 0.0) 
(0.009299305170775358 -0.013756628248047638 0.0) 
(0.018731471934301257 -0.01724825256446169 0.0) 
(0.031038080049804368 -0.018738298424112208 0.0) 
(0.04372502635233621 -0.019256227051996175 0.0) 
(0.0563432063035191 -0.01925477393814937 0.0) 
(0.06901638995856411 -0.01873445889512505 0.0) 
(0.08129899940251606 -0.017242914058683747 0.0) 
(0.09070666468357183 -0.013763870315703764 0.0) 
(0.08893029744894561 -0.006874518300327458 0.0) 
(0.011055974936628622 -0.012376653165130157 0.0) 
(0.011613344926003001 -0.024112483602206136 0.0) 
(0.021029131130124595 -0.028780586769521718 0.0) 
(0.032663928497045934 -0.0306692051805639 0.0) 
(0.04429298169301606 -0.03132813140489482 0.0) 
(0.05579188936020652 -0.031321741764479376 0.0) 
(0.06741398141439378 -0.03065208252218626 0.0) 
(0.07903406806678141 -0.028755077970538275 0.0) 
(0.08845703798761094 -0.024073529957274402 0.0) 
(0.08896936015109676 -0.01238919800401481 0.0) 
(0.014974492179080048 -0.021985095306162987 0.0) 
(0.015436153717711796 -0.03575841144635023 0.0) 
(0.024627920467502177 -0.040182307377372904 0.0) 
(0.03485442098041079 -0.04175411840244887 0.0) 
(0.04502146765560824 -0.042537411194375686 0.0) 
(0.05507588185737451 -0.042534375457152954 0.0) 
(0.06524896452889693 -0.04173830952445191 0.0) 
(0.07548825563251861 -0.04014983098849224 0.0) 
(0.08467598569709289 -0.03571826414563891 0.0) 
(0.0854691228269055 -0.02190990490014042 0.0) 
(0.01681721708061136 -0.03368044932109519 0.0) 
(0.021042295388722387 -0.04715234288211836 0.0) 
(0.02838588844666737 -0.04767394446117865 0.0) 
(0.037114078799833146 -0.04940675491378721 0.0) 
(0.04577003142236809 -0.05056740799230318 0.0) 
(0.05431928567325005 -0.05056505850758582 0.0) 
(0.06297992958949734 -0.04940115290915628 0.0) 
(0.07171021778611911 -0.04764632931434711 0.0) 
(0.07909526774696528 -0.04711436848572818 0.0) 
(0.08321953690993478 -0.033531986835650875 0.0) 
)
;

boundaryField
{
	bottom
	{
		type	solidTraction;
		value	nonuniform List<vector>
10
(
(0.0186359410641856 0.03963037998219484 0.0) 
(0.023965814015663358 0.049396586515340915 0.0) 
(0.030545647261665573 0.052107729981526164 0.0) 
(0.03825756917358287 0.05329484213017994 0.0) 
(0.04618762974662126 0.054450482659219625 0.0) 
(0.05406946653797639 0.05444667312556539 0.0) 
(0.06202263485680496 0.05327679018405514 0.0) 
(0.06976341928689749 0.05200041348637115 0.0) 
(0.07652266529139878 0.04900045722087138 0.0) 
(0.0824084115653101 0.039116662229273236 0.0) 
)
;
	}
	top
	{
		type	solidTraction;
		value	nonuniform List<vector>
10
(
(0.018573145845523754 -0.03973712243383682 0.0) 
(0.023959900147503464 -0.049363079574428675 0.0) 
(0.030544933231068196 -0.05201127690037142 0.0) 
(0.03822608457586851 -0.05317268469189831 0.0) 
(0.046123429032266565 -0.054322193529726795 0.0) 
(0.05396280702705521 -0.0543210027880086 0.0) 
(0.061862531363679994 -0.05316695960028639 0.0) 
(0.0695527959276891 -0.051987545388599496 0.0) 
(0.07611126462381854 -0.04929494732603163 0.0) 
(0.08141134889805336 -0.03957712627054426 0.0) 
)
;
	}
	left
	{
		type	fixedValue;
		value	uniform (0.0 0.0 0.0);
	}
	right
	{
		type	fixedValue;
		value	uniform (0.1 0.0 0.0);
	}
	frontAndBackPlanes
	{
		type	empty;
	}
}
