/*
 _____     _____     _____ _____ _____ _____    |  High-order Python FOAM
|  |  |___|  _  |_ _|   __|     |  _  |     |   |  Python Version: 3.10
|     | . |   __| | |   __|  |  |     | | | |   |  Code Version: 0.0
|__|__|___|__|  |_  |__|  |_____|__|__|_|_|_|   |  License: GPLv3
                |___|
*/
FoamFile
{
    version     2.0;
    format      ascii;
    class       volVectorField;
    location    "37.0";
    object     U;
}

dimensions      [0 1 0 0 0 0 0]; 

internalField   nonuniform List<vector>
100
(
(0.017069371153545267 0.03297609875587056 0.0) 
(0.021192367548913134 0.04746641551714918 0.0) 
(0.02831660656754573 0.0481486246541958 0.0) 
(0.037022266639741376 0.04971848197063152 0.0) 
(0.04577577218532434 0.050724938566271666 0.0) 
(0.054465486858089635 0.05071676827248527 0.0) 
(0.0632327222470659 0.049677649574010226 0.0) 
(0.07199012171109959 0.048066478570194686 0.0) 
(0.07902340781449538 0.047043636067702184 0.0) 
(0.08381215838601734 0.03259877191376337 0.0) 
(0.014237140496812383 0.021535251176751664 0.0) 
(0.015362079430061973 0.03574105588884204 0.0) 
(0.02451509727954991 0.040382722722960826 0.0) 
(0.034769711082904185 0.04191968860760856 0.0) 
(0.04503738126476367 0.042624449105079655 0.0) 
(0.05520962043871402 0.04260239240201432 0.0) 
(0.06549133077104442 0.04184204041628574 0.0) 
(0.07575175543486287 0.040207576144646075 0.0) 
(0.08489599750744588 0.03544441855799968 0.0) 
(0.08582188754674523 0.0214288011778298 0.0) 
(0.01076760508996643 0.01224240357098542 0.0) 
(0.011550037747226825 0.024030123492704825 0.0) 
(0.020896121507435243 0.02885825728932062 0.0) 
(0.03254477760627319 0.03077491310751819 0.0) 
(0.04428267857330322 0.03140552098665487 0.0) 
(0.055917015453443894 0.03137723181458662 0.0) 
(0.06764490374048351 0.030686131982964344 0.0) 
(0.07925816602343266 0.028706587768318578 0.0) 
(0.08852624380418317 0.02387997985638491 0.0) 
(0.08930039634736084 0.012205197707629512 0.0) 
(0.010835440227196727 0.006799753586753679 0.0) 
(0.009349037413991741 0.01371658505911427 0.0) 
(0.018629908162899316 0.017257590416143442 0.0) 
(0.030910326639456122 0.018777930350831182 0.0) 
(0.04369390059930774 0.019288080218544314 0.0) 
(0.05644403922899784 0.01926447163585309 0.0) 
(0.06920788854982514 0.018709668006931923 0.0) 
(0.0814451057348364 0.017162630627291203 0.0) 
(0.0906813111452014 0.013634858797950008 0.0) 
(0.08911424688800708 0.006781166576523711 0.0) 
(0.01098260193622572 0.002172237303764014 0.0) 
(0.008617440775200099 0.0044950718021345305 0.0) 
(0.017587626415458937 0.005726654076478288 0.0) 
(0.0301025777786162 0.006304968389570633 0.0) 
(0.04338122356620511 0.006498996897655257 0.0) 
(0.05670783899559715 0.006484265926883801 0.0) 
(0.0699672722300735 0.006264575743763888 0.0) 
(0.08245037831243901 0.0056726780772240306 0.0) 
(0.09139254779052783 0.004451235175701603 0.0) 
(0.08902292894016489 0.0021536351539941617 0.0) 
(0.011011440426863642 -0.0021332358293750407 0.0) 
(0.008619838433333723 -0.0044865121019167335 0.0) 
(0.017589854574166657 -0.005738540261557061 0.0) 
(0.030100861853956405 -0.006324866929497352 0.0) 
(0.04337250229605696 -0.006530079760698074 0.0) 
(0.056692034360616574 -0.006536120045913246 0.0) 
(0.06994745348247719 -0.006341663789234848 0.0) 
(0.08243218367656259 -0.005762866975279733 0.0) 
(0.09138454219689125 -0.004516811469641166 0.0) 
(0.08899325905005172 -0.0021556028667668375 0.0) 
(0.010866917111822583 -0.006764759817884836 0.0) 
(0.009365839427212558 -0.01371655022407075 0.0) 
(0.018641890805537808 -0.01726517132323988 0.0) 
(0.030906334955566477 -0.01878407279333641 0.0) 
(0.04366833708899194 -0.019303759394284137 0.0) 
(0.056396038737806777 -0.019302656648270182 0.0) 
(0.06914475692046605 -0.018781356651325912 0.0) 
(0.08138649921822307 -0.01726164887540597 0.0) 
(0.09063983257431134 -0.013725147641910155 0.0) 
(0.08910573189641033 -0.006792822084796284 0.0) 
(0.010887526431009946 -0.012235232909798466 0.0) 
(0.011619359059421401 -0.024048452389978492 0.0) 
(0.02092214272139025 -0.028843263070325274 0.0) 
(0.032540623913940823 -0.03075304047665718 0.0) 
(0.04424303504811885 -0.03138954607271182 0.0) 
(0.05583758540091749 -0.03138328129513192 0.0) 
(0.06753323779507354 -0.03073655196411927 0.0) 
(0.07913795681168334 -0.028819419164474364 0.0) 
(0.08844898507213982 -0.024012396087885798 0.0) 
(0.08913587017846131 -0.012246735809963565 0.0) 
(0.014648181396918711 -0.021605335666702447 0.0) 
(0.015436755706690593 -0.035724343895344825 0.0) 
(0.02454644581681866 -0.04033402437415161 0.0) 
(0.03476025251760885 -0.04185645439774883 0.0) 
(0.04498413662106187 -0.04256058367252671 0.0) 
(0.055108734846760765 -0.04255707418918339 0.0) 
(0.065339226559392 -0.041839749617145976 0.0) 
(0.07556675953898392 -0.04030150106582846 0.0) 
(0.08467321127134257 -0.03568569173218781 0.0) 
(0.08577776622275847 -0.021536051843956457 0.0) 
(0.017077323509881386 -0.03308297604991584 0.0) 
(0.021261205023151392 -0.04741135591927592 0.0) 
(0.028320786369582806 -0.04807465142873258 0.0) 
(0.03700033439788986 -0.049615678524208486 0.0) 
(0.04571873356909116 -0.050620923932599995 0.0) 
(0.05436587546084144 -0.050617848500233056 0.0) 
(0.06308976609180525 -0.04960806395689973 0.0) 
(0.07177273790401505 -0.04804511844770884 0.0) 
(0.07887295478198549 -0.04737303703975722 0.0) 
(0.08296052918654223 -0.032945070451677966 0.0) 
)
;

boundaryField
{
	bottom
	{
		type	solidTraction;
		value	nonuniform List<vector>
10
(
(0.019061352888904756 0.03907841963470181 0.0) 
(0.024249470228187082 0.049563551796893 0.0) 
(0.03054749708012985 0.052560947930877885 0.0) 
(0.03815682252205147 0.05356992086920496 0.0) 
(0.04613415008916835 0.05455466867492525 0.0) 
(0.05410770908735284 0.05454993759370356 0.0) 
(0.062105775573665443 0.05354626133305788 0.0) 
(0.06974478062104979 0.05244148729382615 0.0) 
(0.0762277107789352 0.04917529534810173 0.0) 
(0.08195243382454608 0.03860687567313149 0.0) 
)
;
	}
	top
	{
		type	solidTraction;
		value	nonuniform List<vector>
10
(
(0.019004581727085235 -0.03917874308025653 0.0) 
(0.024245587579644838 -0.04953294041577484 0.0) 
(0.03054749424116116 -0.05247111402682481 0.0) 
(0.03812655474820383 -0.0534539452603943 0.0) 
(0.046073198331023885 -0.054430649951089705 0.0) 
(0.05400837281348034 -0.05442855906768852 0.0) 
(0.06195824625396686 -0.05344580218737067 0.0) 
(0.06954733140335799 -0.05244480733421633 0.0) 
(0.07582496385345225 -0.049466463733107424 0.0) 
(0.0809836813704302 -0.03902969994722914 0.0) 
)
;
	}
	left
	{
		type	fixedValue;
		value	uniform (0.0 0.0 0.0);
	}
	right
	{
		type	fixedValue;
		value	uniform (0.1 0.0 0.0);
	}
	frontAndBackPlanes
	{
		type	empty;
	}
}
