/*
 _____     _____     _____ _____ _____ _____    |  High-order Python FOAM
|  |  |___|  _  |_ _|   __|     |  _  |     |   |  Python Version: 3.10
|     | . |   __| | |   __|  |  |     | | | |   |  Code Version: 0.0
|__|__|___|__|  |_  |__|  |_____|__|__|_|_|_|   |  License: GPLv3
                |___|
*/
FoamFile
{
    version     2.0;
    format      ascii;
    class       volVectorField;
    location    "88.0";
    object     U;
}

dimensions      [0 1 0 0 0 0 0]; 

internalField   nonuniform List<vector>
100
(
(0.015217532690118529 0.036596671286735334 0.0) 
(0.02009328011893708 0.0462951938179855 0.0) 
(0.028631593865057266 0.046898303695608066 0.0) 
(0.0374000891962749 0.04944148979679633 0.0) 
(0.04591854874690703 0.05090954637810046 0.0) 
(0.05440386048674976 0.05089373959443256 0.0) 
(0.06295508828618494 0.04939070674509997 0.0) 
(0.07182915856765758 0.04688707070685388 0.0) 
(0.08012009576286397 0.045881783755220125 0.0) 
(0.08585372106030564 0.035926939393222085 0.0) 
(0.016163431591478924 0.024353781014219616 0.0) 
(0.014948864589194477 0.03608116562347127 0.0) 
(0.024775343388365272 0.03988538374880834 0.0) 
(0.03514304997908263 0.04173694289307485 0.0) 
(0.045187208386195554 0.04277224098699473 0.0) 
(0.05513379178588757 0.04274735994348626 0.0) 
(0.06519979957085514 0.04165776894577265 0.0) 
(0.07557251781627605 0.03970446843074235 0.0) 
(0.08540382699914496 0.03569119447729354 0.0) 
(0.08397239118394347 0.024204953036288945 0.0) 
(0.011724281940577333 0.013166026991249184 0.0) 
(0.011084828187091863 0.024414068208634516 0.0) 
(0.02126784443914485 0.028503914235048014 0.0) 
(0.033072412157524066 0.03035362142530304 0.0) 
(0.044492492357028554 0.0311075217852684 0.0) 
(0.05576255283454919 0.0310769705114803 0.0) 
(0.06717667536745556 0.03025599305781677 0.0) 
(0.07894767320836213 0.028320340606763694 0.0) 
(0.08902458756316502 0.024213699788850605 0.0) 
(0.088373290346851 0.013107561421807001 0.0) 
(0.011718903250273482 0.007331443293367594 0.0) 
(0.008425943109778972 0.013892964440179876 0.0) 
(0.018909968497754562 0.017101031544725517 0.0) 
(0.03150423131157709 0.01848787282095203 0.0) 
(0.04394442113228852 0.01900918465773196 0.0) 
(0.056233184707226234 0.01898341928695931 0.0) 
(0.06865285877221101 0.01841029978625402 0.0) 
(0.08119472961897045 0.016986663748729685 0.0) 
(0.09161867647320439 0.013788257687732508 0.0) 
(0.08824225542047186 0.007312166822943338 0.0) 
(0.011849840848911 0.0023409517971062347 0.0) 
(0.007538578246630751 0.004569794210021403 0.0) 
(0.01777341162668967 0.00568924008542868 0.0) 
(0.030700100649827148 0.0062193658234464 0.0) 
(0.04364330095956128 0.006406065859502617 0.0) 
(0.05647418208081985 0.006390699288188725 0.0) 
(0.06939417884671933 0.006176461028532425 0.0) 
(0.08227978768000295 0.005630046633888241 0.0) 
(0.09247572772019004 0.004521065349330293 0.0) 
(0.0881677201823021 0.0023219031274788137 0.0) 
(0.011883902400557922 -0.0022810539641569707 0.0) 
(0.007538772409859463 -0.004555106252525307 0.0) 
(0.017775752297020476 -0.005700868179150381 0.0) 
(0.030698815517553792 -0.006238466618420757 0.0) 
(0.043633112336835894 -0.006434655673814412 0.0) 
(0.056454406439309414 -0.006439127030616925 0.0) 
(0.06936834178379413 -0.0062506285085954655 0.0) 
(0.08225570526855476 -0.005718616606336362 0.0) 
(0.0924657243748728 -0.004580863575490724 0.0) 
(0.08812994399612946 -0.002304462233867351 0.0) 
(0.011759116709538381 -0.007274886299490438 0.0) 
(0.008436888218212138 -0.01388705635935753 0.0) 
(0.018924397847903944 -0.01710715688935163 0.0) 
(0.03150170912817809 -0.01848924299103645 0.0) 
(0.04391399826326025 -0.0190182764275467 0.0) 
(0.056172839769281245 -0.019014404936488864 0.0) 
(0.068569581210989 -0.018477115385612163 0.0) 
(0.0811155398664218 -0.01708733088298114 0.0) 
(0.09156728502925486 -0.01388226384825724 0.0) 
(0.088218942480392 -0.007309817324594544 0.0) 
(0.011864964502741935 -0.013142453578869878 0.0) 
(0.011157386959016516 -0.02443037140761961 0.0) 
(0.021299097165760263 -0.02847663716845781 0.0) 
(0.03306939838677233 -0.030316043836202632 0.0) 
(0.04444334283136436 -0.031075817913634573 0.0) 
(0.055661053812899465 -0.031067618472175037 0.0) 
(0.06702887763888553 -0.030291522849299327 0.0) 
(0.07878006511680241 -0.02843526281468684 0.0) 
(0.08892141269032179 -0.02436718473387791 0.0) 
(0.08817621610913744 -0.013162422313996352 0.0) 
(0.016688904480414195 -0.024471519866546852 0.0) 
(0.015018589021054348 -0.0360436774777589 0.0) 
(0.024810802900127233 -0.0398029910891309 0.0) 
(0.03512940256690459 -0.04163835645711157 0.0) 
(0.04511595499862964 -0.042677731903682105 0.0) 
(0.05499969390107917 -0.042675119373988386 0.0) 
(0.06499293889411238 -0.04162155394011642 0.0) 
(0.07532066030387945 -0.03976248524683468 0.0) 
(0.08509886380259195 -0.035987903237222105 0.0) 
(0.08386435237670613 -0.02434468528099818 0.0) 
(0.015194513685561187 -0.03675884219054835 0.0) 
(0.020169727829398014 -0.04620440578107799 0.0) 
(0.028626097530800976 -0.04677902560228603 0.0) 
(0.03736869253013307 -0.04928826323813365 0.0) 
(0.045840592477305486 -0.05076659918930373 0.0) 
(0.05426433866885601 -0.05076557150694545 0.0) 
(0.06273906908784123 -0.04928624084381038 0.0) 
(0.07147923147872992 -0.04674960024099756 0.0) 
(0.07998943697430701 -0.046159057043408974 0.0) 
(0.08483043953466649 -0.03653361457147976 0.0) 
)
;

boundaryField
{
	bottom
	{
		type	solidTraction;
		value	nonuniform List<vector>
10
(
(0.01628300438402574 0.04246890854600555 0.0) 
(0.022719349719396053 0.04915385491838759 0.0) 
(0.030566465289169457 0.051126731303120274 0.0) 
(0.038487361151776804 0.05310203385118374 0.0) 
(0.04628391826455459 0.05466900106064279 0.0) 
(0.05404776459121091 0.054657828789329586 0.0) 
(0.06189459319593074 0.05308831244564988 0.0) 
(0.06985832589105495 0.05108359884750113 0.0) 
(0.07783072572668458 0.04872370075586892 0.0) 
(0.08491488614066554 0.04168268807690753 0.0) 
)
;
	}
	top
	{
		type	solidTraction;
		value	nonuniform List<vector>
10
(
(0.016173839894209525 -0.042622196813102683 0.0) 
(0.022697382781448613 -0.049102786418990595 0.0) 
(0.0305558635559894 -0.05098617466292962 0.0) 
(0.0384424021895411 -0.052932039821576085 0.0) 
(0.04619853661145003 -0.05450159157803978 0.0) 
(0.05390139082112209 -0.05450233639823195 0.0) 
(0.061657108289767906 -0.05293077590798231 0.0) 
(0.06955284193170325 -0.050963518486423214 0.0) 
(0.07737634188846115 -0.04901166726035757 0.0) 
(0.08378303140855843 -0.04238165582929236 0.0) 
)
;
	}
	left
	{
		type	fixedValue;
		value	uniform (0.0 0.0 0.0);
	}
	right
	{
		type	fixedValue;
		value	uniform (0.1 0.0 0.0);
	}
	frontAndBackPlanes
	{
		type	empty;
	}
}
