/*
 _____     _____     _____ _____ _____ _____    |  High-order Python FOAM
|  |  |___|  _  |_ _|   __|     |  _  |     |   |  Python Version: 3.10
|     | . |   __| | |   __|  |  |     | | | |   |  Code Version: 0.0
|__|__|___|__|  |_  |__|  |_____|__|__|_|_|_|   |  License: GPLv3
                |___|
*/
FoamFile
{
    version     2.0;
    format      ascii;
    class       volVectorField;
    location    "58.0";
    object     U;
}

dimensions      [0 1 0 0 0 0 0]; 

internalField   nonuniform List<vector>
100
(
(0.0160244961012472 0.035263573688940224 0.0) 
(0.020458722221154947 0.04669862645926557 0.0) 
(0.02857731928826578 0.047202299098488235 0.0) 
(0.03737227070818506 0.04952809136759762 0.0) 
(0.045924472408175425 0.05100186322567655 0.0) 
(0.054367116050366614 0.050991201051005276 0.0) 
(0.06294299298856783 0.04948755886138227 0.0) 
(0.07181479344168402 0.04716329114631654 0.0) 
(0.07975681618732516 0.04627034818124162 0.0) 
(0.08497682404962831 0.0347202988203462 0.0) 
(0.015415749513684369 0.023142375857503603 0.0) 
(0.015201970320755808 0.03597892605941991 0.0) 
(0.0247094702161838 0.04006108085532355 0.0) 
(0.035031698467126546 0.04183970311526279 0.0) 
(0.04514560094566291 0.04282284460611645 0.0) 
(0.05514590484631107 0.04280024690532315 0.0) 
(0.06527803915437387 0.04176305335906512 0.0) 
(0.0756055490648911 0.0398820054102756 0.0) 
(0.08511188852994377 0.035627346362117326 0.0) 
(0.08468545351868038 0.023012322533825128 0.0) 
(0.011352275377425135 0.012809193855929374 0.0) 
(0.011329295871671552 0.02429600762006049 0.0) 
(0.02113953592464352 0.028679295287876754 0.0) 
(0.03288482092639167 0.030561972413905247 0.0) 
(0.0444229179746583 0.03129152430042791 0.0) 
(0.055809448996759055 0.03126214461995806 0.0) 
(0.06734034653906891 0.030468022135634026 0.0) 
(0.07905116986724665 0.028508465550275256 0.0) 
(0.08876710784365754 0.02411637417144466 0.0) 
(0.08873198726552038 0.012760638826476704 0.0) 
(0.011401990732071834 0.007120464001664351 0.0) 
(0.008854008955189355 0.013852051139910023 0.0) 
(0.018793419922994884 0.017189903007370874 0.0) 
(0.03127608567789509 0.018627420924746358 0.0) 
(0.04385525745856279 0.019148025399807516 0.0) 
(0.056305679220022935 0.01912305629714412 0.0) 
(0.06886499950653889 0.018553322807495276 0.0) 
(0.0812996209557283 0.017082965678828967 0.0) 
(0.09118581714892988 0.013756355454211819 0.0) 
(0.08855215418997185 0.007100772673061401 0.0) 
(0.011540909978342152 0.0022753445087254896 0.0) 
(0.008025977711509409 0.004548999860561742 0.0) 
(0.017682815951978258 0.005712814402030582 0.0) 
(0.03046102572354532 0.006260003154112912 0.0) 
(0.04354681174015952 0.006449516769488842 0.0) 
(0.056558342853613136 0.006434318921118066 0.0) 
(0.06962291209418535 0.006217793517910691 0.0) 
(0.08236458581487137 0.005655176817143461 0.0) 
(0.0919878088030913 0.004501593620538757 0.0) 
(0.08847111013117716 0.0022557207411406568 0.0) 
(0.011573119717702364 -0.002225052233581764 0.0) 
(0.008027305150579589 -0.0045363976689325805 0.0) 
(0.017685131253898565 -0.005723637133261926 0.0) 
(0.03045955360448754 -0.006278434132475273 0.0) 
(0.043537253270631605 -0.0064780998716101905 0.0) 
(0.056540142243555476 -0.00648327682072207 0.0) 
(0.0695993971881621 -0.006292806956359258 0.0) 
(0.08234270085688342 -0.005744797578654931 0.0) 
(0.09197832721789669 -0.004564958577791223 0.0) 
(0.08843664499603353 -0.002248541469520584 0.0) 
(0.011438611618542531 -0.0070738043699822735 0.0) 
(0.008868230055938285 -0.013847970577028766 0.0) 
(0.01880677641697059 -0.017195497490977422 0.0) 
(0.03127296884709223 -0.01862965752265271 0.0) 
(0.043826931441894326 -0.01915863569256462 0.0) 
(0.05625018052645259 -0.01915597429124959 0.0) 
(0.06878945711525881 -0.018621820100524343 0.0) 
(0.08122830817514554 -0.01718344388776853 0.0) 
(0.09113755883126641 -0.01384989762033503 0.0) 
(0.08853618562174231 -0.007106015776860708 0.0) 
(0.011485429251061602 -0.012793770587871496 0.0) 
(0.011401627538926786 -0.02431202558064136 0.0) 
(0.02116877666513839 -0.028656193664553818 0.0) 
(0.032881422675174556 -0.030529726203920155 0.0) 
(0.04437792692542594 -0.03126505881602037 0.0) 
(0.055716594423678115 -0.031257803188529894 0.0) 
(0.06720632203494782 -0.0305091806518767 0.0) 
(0.07890223987435864 -0.028623287115898066 0.0) 
(0.08867382001323368 -0.024261645244349983 0.0) 
(0.08854732816306292 -0.01280978160699494 0.0) 
(0.01589304661414387 -0.023236716536700244 0.0) 
(0.015276129307089412 -0.03594967645463493 0.0) 
(0.02474338167635557 -0.03999163653289353 0.0) 
(0.03501983792149634 -0.04175498245149414 0.0) 
(0.045081849925882884 -0.042740420828674436 0.0) 
(0.05502507293434706 -0.042737887494198684 0.0) 
(0.06509288545511156 -0.0417392918534099 0.0) 
(0.07538033761262694 -0.039955752559078773 0.0) 
(0.0848403260595029 -0.035901935952957716 0.0) 
(0.08460674343649904 -0.023138250333346638 0.0) 
(0.016016719006522694 -0.0354003207848593 0.0) 
(0.02053111676136251 -0.04662148088949342 0.0) 
(0.028576404500621853 -0.0470994810352128 0.0) 
(0.03734554184570687 -0.049394769796523616 0.0) 
(0.04585556555253836 -0.05087558740570127 0.0) 
(0.054242485188867186 -0.05087430517428423 0.0) 
(0.06275585948922476 -0.04939190908312429 0.0) 
(0.07152477028661523 -0.04707226699559793 0.0) 
(0.07961743047091484 -0.04658034154497213 0.0) 
(0.08401603219411079 -0.03521504719501716 0.0) 
)
;

boundaryField
{
	bottom
	{
		type	solidTraction;
		value	nonuniform List<vector>
10
(
(0.01742859714117075 0.04123759604111951 0.0) 
(0.023289011098924166 0.049242027219319674 0.0) 
(0.030616895155386886 0.05149063150833562 0.0) 
(0.038492680575510835 0.053240914385187195 0.0) 
(0.046293963065109515 0.05477445491505958 0.0) 
(0.05400383876889894 0.05476856593207495 0.0) 
(0.06184037922558009 0.05322923362278654 0.0) 
(0.06974877394060622 0.051416164571386314 0.0) 
(0.0772333383958898 0.04882288486991746 0.0) 
(0.08370400619601606 0.04058469742065394 0.0) 
)
;
	}
	top
	{
		type	solidTraction;
		value	nonuniform List<vector>
10
(
(0.01734336125089928 -0.04136625616285393 0.0) 
(0.02327427620612982 -0.04919739717816996 0.0) 
(0.030610934847279885 -0.05136871441973793 0.0) 
(0.03845474353897592 -0.05309227264488102 0.0) 
(0.04621884697170353 -0.05462539328813201 0.0) 
(0.053875358114022644 -0.05462560137029983 0.0) 
(0.06164020771502294 -0.05308990283761737 0.0) 
(0.06949280823737163 -0.0513469184164047 0.0) 
(0.07679857809916038 -0.04911881481472841 0.0) 
(0.08262910685379092 -0.04116754249950803 0.0) 
)
;
	}
	left
	{
		type	fixedValue;
		value	uniform (0.0 0.0 0.0);
	}
	right
	{
		type	fixedValue;
		value	uniform (0.1 0.0 0.0);
	}
	frontAndBackPlanes
	{
		type	empty;
	}
}
