/*
 _____     _____     _____ _____ _____ _____    |  High-order Python FOAM
|  |  |___|  _  |_ _|   __|     |  _  |     |   |  Python Version: 3.10
|     | . |   __| | |   __|  |  |     | | | |   |  Code Version: 0.0
|__|__|___|__|  |_  |__|  |_____|__|__|_|_|_|   |  License: GPLv3
                |___|
*/
FoamFile
{
    version     2.0;
    format      ascii;
    class       volVectorField;
    location    "8.0";
    object     U;
}

dimensions      [0 1 0 0 0 0 0]; 

internalField   nonuniform List<vector>
100
(
(0.020894443141142496 0.019949396623735845 0.0) 
(0.031192811172946245 0.048291260790159454 0.0) 
(0.03533471870656925 0.06295033264502196 0.0) 
(0.04095224360736032 0.07090507458209773 0.0) 
(0.04690159102380532 0.07427437766248017 0.0) 
(0.05317923511944355 0.0742285149892178 0.0) 
(0.05914660393461811 0.07076308018480537 0.0) 
(0.06481239706932337 0.0627238813896379 0.0) 
(0.06901014474964833 0.0479852813867194 0.0) 
(0.0796051943883019 0.019932341298082388 0.0) 
(0.010552996282978783 0.016560255364797286 0.0) 
(0.016819409172911307 0.03625098058400387 0.0) 
(0.02564547162987887 0.04988002621446071 0.0) 
(0.03501515561824937 0.05703257824260241 0.0) 
(0.044998065463416025 0.0601391368010168 0.0) 
(0.05514500111827493 0.06009840499000963 0.0) 
(0.06513284196740628 0.05691474422154911 0.0) 
(0.07449925917976512 0.04970539146926699 0.0) 
(0.08329478694442212 0.03608975607461344 0.0) 
(0.08941836796125548 0.016515416338896166 0.0) 
(0.009183378534327 0.010812182818033826 0.0) 
(0.012298001269008287 0.025241371395005742 0.0) 
(0.020237951396126237 0.03506570296718939 0.0) 
(0.031201574027188195 0.04096382163303021 0.0) 
(0.04361738160644637 0.04355719780720145 0.0) 
(0.05648147556568132 0.04352542281430936 0.0) 
(0.06888312490046049 0.040877253369585684 0.0) 
(0.07981920920055084 0.034952227140839356 0.0) 
(0.08772062974277484 0.025153319841525187 0.0) 
(0.09084354231829643 0.01079488286510117 0.0) 
(0.008905153133005234 0.006339490650562592 0.0) 
(0.010401649745379018 0.014788243392180348 0.0) 
(0.017806246586205526 0.020777241277397475 0.0) 
(0.02918678495799795 0.02453548723387935 0.0) 
(0.04284587237320629 0.026277929224880273 0.0) 
(0.05720603656824343 0.026256205952068172 0.0) 
(0.07085103691131948 0.02447786891671584 0.0) 
(0.08220747916278576 0.020706631386962503 0.0) 
(0.08959238738637815 0.01473411840274542 0.0) 
(0.09102417045251296 0.006323143737327557 0.0) 
(0.009003387550382061 0.002061189715340224 0.0) 
(0.009787083143964802 0.004877245052803674 0.0) 
(0.016869758615355387 0.006871511518556136 0.0) 
(0.028385755108538024 0.008153938783197664 0.0) 
(0.04252110632036695 0.008757289090432094 0.0) 
(0.05749893374949522 0.008743038661913855 0.0) 
(0.07162434989981799 0.008116332685570682 0.0) 
(0.08312626210709605 0.006824295452708842 0.0) 
(0.09020031100540563 0.004840580288934858 0.0) 
(0.09098966277136013 0.0020452086607591386 0.0) 
(0.009030574076244295 -0.0020343547881043803 0.0) 
(0.009794062241100234 -0.004866228562376748 0.0) 
(0.016875545969426548 -0.006873501635182938 0.0) 
(0.028386977333461544 -0.00816677650719313 0.0) 
(0.042517559515735937 -0.008787426504439321 0.0) 
(0.057491942154398214 -0.008796386188474392 0.0) 
(0.07161538280987118 -0.008191233997370484 0.0) 
(0.08311692413634558 -0.006906805910854627 0.0) 
(0.090195589585433 -0.004901465835558014 0.0) 
(0.09096452584979635 -0.0020539846121324984 0.0) 
(0.008926146444265108 -0.006316027909391956 0.0) 
(0.010433761616613116 -0.014785160536040502 0.0) 
(0.017827650890316724 -0.020774430771491565 0.0) 
(0.029191086041371005 -0.024537069197046065 0.0) 
(0.042836109222762965 -0.026298823211010885 0.0) 
(0.05718613535692458 -0.02630330088208075 0.0) 
(0.07082406569152852 -0.02455069670743564 0.0) 
(0.08217838059490024 -0.0207943461764981 0.0) 
(0.08956268609827603 -0.014811054659496014 0.0) 
(0.0910299279464887 -0.006337551604419272 0.0) 
(0.009305755968052075 -0.010801489235937376 0.0) 
(0.012381700311054056 -0.025249972599582175 0.0) 
(0.020274855900602955 -0.03503949302138689 0.0) 
(0.03121075636210653 -0.04094551156664858 0.0) 
(0.04361018622363761 -0.043562657533247666 0.0) 
(0.056450489436105616 -0.04355899701451984 0.0) 
(0.0688375320716344 -0.04094786227163393 0.0) 
(0.07976682576203632 -0.035048514834427016 0.0) 
(0.08767127122010704 -0.025254000247449504 0.0) 
(0.0906982306218397 -0.010812410106097733 0.0) 
(0.010862808744223792 -0.016560165552827265 0.0) 
(0.016910176089114826 -0.03621244971129445 0.0) 
(0.025689756006870783 -0.049828052874586144 0.0) 
(0.03502928837104057 -0.05699082639961456 0.0) 
(0.044982139287663404 -0.060117325337982155 0.0) 
(0.05511131669899656 -0.06011794229578576 0.0) 
(0.06507440183324784 -0.05698303030917793 0.0) 
(0.07441614047086154 -0.0498280556657681 0.0) 
(0.08318588953486947 -0.036225230249305025 0.0) 
(0.08943657931820671 -0.016557793304838357 0.0) 
(0.02091810216368409 -0.019960000913470968 0.0) 
(0.03127321147014061 -0.0481909879494936 0.0) 
(0.03538218817637515 -0.06287020873555112 0.0) 
(0.040982411452000225 -0.0708345550542964 0.0) 
(0.04691613291529236 -0.0742336695715529 0.0) 
(0.05317288169923402 -0.07422943157254501 0.0) 
(0.059109927514649434 -0.07082298981603967 0.0) 
(0.06471682839060908 -0.06284909820642481 0.0) 
(0.06884645730720493 -0.04822064448322665 0.0) 
(0.07911145574774564 -0.0199459649020793 0.0) 
)
;

boundaryField
{
	bottom
	{
		type	solidTraction;
		value	nonuniform List<vector>
10
(
(0.026421225577492404 0.024152314839127987 0.0) 
(0.035824689332611015 0.05024408330652777 0.0) 
(0.040638043315665284 0.06868729774093485 0.0) 
(0.04400946626559176 0.07772920256034264 0.0) 
(0.047938851014600756 0.08159798563812094 0.0) 
(0.05211528365299991 0.08154667912132818 0.0) 
(0.05607370826573795 0.07757275428923288 0.0) 
(0.05951734220436424 0.06842723220265519 0.0) 
(0.06451735261186585 0.04998445906144612 0.0) 
(0.07419256516653557 0.02409960758838804 0.0) 
)
;
	}
	top
	{
		type	solidTraction;
		value	nonuniform List<vector>
10
(
(0.02639700867331197 -0.024139155238970304 0.0) 
(0.03585425476714764 -0.05015223045959042 0.0) 
(0.0406896835634641 -0.06858698645693864 0.0) 
(0.04404850312865674 -0.07764853513865243 0.0) 
(0.047966065256602755 -0.08154966278349972 0.0) 
(0.05212068215228288 -0.08154408107908874 0.0) 
(0.056040403493658436 -0.07763319630899652 0.0) 
(0.05941085281270627 -0.06857229426910358 0.0) 
(0.06422065263728595 -0.0501641603346887 0.0) 
(0.0736007335853518 -0.024134620360795722 0.0) 
)
;
	}
	left
	{
		type	fixedValue;
		value	uniform (0.0 0.0 0.0);
	}
	right
	{
		type	fixedValue;
		value	uniform (0.1 0.0 0.0);
	}
	frontAndBackPlanes
	{
		type	empty;
	}
}
