/*
 _____     _____     _____ _____ _____ _____    |  High-order Python FOAM
|  |  |___|  _  |_ _|   __|     |  _  |     |   |  Python Version: 3.10
|     | . |   __| | |   __|  |  |     | | | |   |  Code Version: 0.0
|__|__|___|__|  |_  |__|  |_____|__|__|_|_|_|   |  License: GPLv3
                |___|
*/
FoamFile
{
    version     2.0;
    format      ascii;
    class       volVectorField;
    location    "65.0";
    object     U;
}

dimensions      [0 1 0 0 0 0 0]; 

internalField   nonuniform List<vector>
100
(
(0.015777007643851957 0.03570104484406807 0.0) 
(0.02032853270900122 0.0465557790705656 0.0) 
(0.028603412720533808 0.0470747105098484 0.0) 
(0.03739383518031621 0.0494919611910908 0.0) 
(0.04592888280785675 0.05098418005673468 0.0) 
(0.05437275994051178 0.050972172556874626 0.0) 
(0.06293427945967316 0.04944926685002418 0.0) 
(0.07180943521635996 0.04704493944749728 0.0) 
(0.0798863993264976 0.04613053574655338 0.0) 
(0.0852475723889834 0.03511901147754382 0.0) 
(0.01565386241503712 0.023510130557891303 0.0) 
(0.015134716665343741 0.0360149615704881 0.0) 
(0.02473316039540297 0.039998033775519526 0.0) 
(0.03506934112990317 0.04180518167576338 0.0) 
(0.04516000594088336 0.04281400986293838 0.0) 
(0.05514082235639294 0.042790887401329504 0.0) 
(0.06525087727514015 0.041728102865465085 0.0) 
(0.07559232272359152 0.039818398149197916 0.0) 
(0.08519142753436439 0.035651414093893004 0.0) 
(0.08445767973878406 0.023374594979675666 0.0) 
(0.011471190473419546 0.01292411613248812 0.0) 
(0.01125939323177281 0.02433619844218959 0.0) 
(0.021180287958972033 0.028624068596542467 0.0) 
(0.03294482897368253 0.030495718570076477 0.0) 
(0.04444590987886678 0.03123625926944731 0.0) 
(0.05579350007189927 0.031206576616681164 0.0) 
(0.06728790116789354 0.030400677279849096 0.0) 
(0.07901831099454631 0.028449226592442967 0.0) 
(0.08884129147580538 0.024150103697317942 0.0) 
(0.08861697612356088 0.012872709919740197 0.0) 
(0.011507902506878897 0.007186473125606737 0.0) 
(0.00872583638729446 0.013867223753995343 0.0) 
(0.018826452434134115 0.01716196464819939 0.0) 
(0.031347514686574075 0.018582552998036714 0.0) 
(0.04388442239305908 0.019104137224417294 0.0) 
(0.0562816108664623 0.01907893099756195 0.0) 
(0.0687985440702691 0.01850736809899201 0.0) 
(0.08127035163141694 0.017052659681662363 0.0) 
(0.09131576814435913 0.013768650419704093 0.0) 
(0.088448076184265 0.007166786582312013 0.0) 
(0.011644053783979386 0.002295992522560875 0.0) 
(0.007878308197823567 0.004555985800301168 0.0) 
(0.01770595132937688 0.005705252293776678 0.0) 
(0.030534970460234935 0.006246608588965248 0.0) 
(0.04357819736020918 0.006435350429248692 0.0) 
(0.05653066469570639 0.00642011096137468 0.0) 
(0.06955211588231484 0.006204189055911388 0.0) 
(0.08234333647479632 0.005647095854247657 0.0) 
(0.09213592346925017 0.004508086360410411 0.0) 
(0.08836958954614976 0.0022764005504949058 0.0) 
(0.011676870955365144 -0.0022428751642040866 0.0) 
(0.007879309364156347 -0.004542701592948859 0.0) 
(0.017708258245840915 -0.005716278006161288 0.0) 
(0.0305335420238141 -0.0062652260566891296 0.0) 
(0.043568447874863685 -0.006463899613925144 0.0) 
(0.05651197425581312 -0.006468839629968152 0.0) 
(0.06952786302923294 -0.006278891610023847 0.0) 
(0.08232073176057317 -0.0057364143841933885 0.0) 
(0.09212621820969746 -0.004570491649821133 0.0) 
(0.08833410986819075 -0.002266417166728603 0.0) 
(0.011545679860344715 -0.007136917520243934 0.0) 
(0.008739159119412563 -0.013862543815130565 0.0) 
(0.018840077385949654 -0.017167657493100463 0.0) 
(0.03134454825607831 -0.018584489243693377 0.0) 
(0.0438554601646472 -0.01911421321789425 0.0) 
(0.05622458830087121 -0.019111156102798208 0.0) 
(0.06872051734272559 -0.01857530402014414 0.0) 
(0.08119647558340555 -0.017153262708177953 0.0) 
(0.09126633340443435 -0.013862506815798564 0.0) 
(0.08843001320380413 -0.00716998024105908 0.0) 
(0.011606901735556086 -0.012906474190559524 0.0) 
(0.011331969421982438 -0.024352238223766674 0.0) 
(0.02121011646113594 -0.028599672606164885 0.0) 
(0.032941508258817295 -0.030461787087321925 0.0) 
(0.04439965151215672 -0.03120810631756368 0.0) 
(0.05569790060938323 -0.031200547488430506 0.0) 
(0.06714939641036101 -0.030440010242615678 0.0) 
(0.07886335181101085 -0.028564194307900234 0.0) 
(0.08874470796928453 -0.02429802164267355 0.0) 
(0.08842827064894516 -0.012923593812873252 0.0) 
(0.016146058310178457 -0.023611180467855437 0.0) 
(0.01520791958343763 -0.03598328776091514 0.0) 
(0.02476752753152542 -0.03992460744665866 0.0) 
(0.035056875482594806 -0.041716216190854714 0.0) 
(0.04509390559296222 -0.042727918227133885 0.0) 
(0.05501576649046597 -0.04272538974298453 0.0) 
(0.06505874968182519 -0.04170022300255874 0.0) 
(0.07535854099071095 -0.039887284468215246 0.0) 
(0.0849092405805896 -0.03593298701987409 0.0) 
(0.08437024408454556 -0.023504672133336547 0.0) 
(0.01576504056251091 -0.035845334456168255 0.0) 
(0.020402068988423564 -0.04647447854204555 0.0) 
(0.02860111946240345 -0.04696665852717825 0.0) 
(0.03736570675125818 -0.049352486263649575 0.0) 
(0.04585719362698089 -0.05085302242738273 0.0) 
(0.054243128642131835 -0.05085189548174377 0.0) 
(0.06273768658477419 -0.04934998778773772 0.0) 
(0.07150137843738225 -0.046938811575726706 0.0) 
(0.07974977524244918 -0.046431873929953446 0.0) 
(0.08426588244985748 -0.035648218968356155 0.0) 
)
;

boundaryField
{
	bottom
	{
		type	solidTraction;
		value	nonuniform List<vector>
10
(
(0.017068428219231095 0.041643407242287725 0.0) 
(0.02309888990306008 0.04919816061963972 0.0) 
(0.030606650069541004 0.05134099215825087 0.0) 
(0.03850621130828382 0.05318352132408398 0.0) 
(0.046298209497844044 0.05474985504263625 0.0) 
(0.05401074879065177 0.05474270579794262 0.0) 
(0.06184234004776799 0.05317228497752622 0.0) 
(0.06977683788718526 0.05127666048254229 0.0) 
(0.07743242109564548 0.048774694519033 0.0) 
(0.08408631428777501 0.040949194772428234 0.0) 
)
;
	}
	top
	{
		type	solidTraction;
		value	nonuniform List<vector>
10
(
(0.01697629435868443 -0.041779370139649934 0.0) 
(0.02308191649292507 -0.04915144987829735 0.0) 
(0.030599249666644388 -0.051213174484777864 0.0) 
(0.03846618052046928 -0.053028298508985494 0.0) 
(0.0462198627115533 -0.054595391529329296 0.0) 
(0.053876282404435163 -0.054595837295254454 0.0) 
(0.06163027677887031 -0.0530263904982586 0.0) 
(0.06950606220032117 -0.05119115135052405 0.0) 
(0.07699133751600931 -0.04906900309584095 0.0) 
(0.08299198353872533 -0.04156818048283183 0.0) 
)
;
	}
	left
	{
		type	fixedValue;
		value	uniform (0.0 0.0 0.0);
	}
	right
	{
		type	fixedValue;
		value	uniform (0.1 0.0 0.0);
	}
	frontAndBackPlanes
	{
		type	empty;
	}
}
