/*
 _____     _____     _____ _____ _____ _____    |  High-order Python FOAM
|  |  |___|  _  |_ _|   __|     |  _  |     |   |  Python Version: 3.10
|     | . |   __| | |   __|  |  |     | | | |   |  Code Version: 0.0
|__|__|___|__|  |_  |__|  |_____|__|__|_|_|_|   |  License: GPLv3
                |___|
*/
FoamFile
{
    version     2.0;
    format      ascii;
    class       volVectorField;
    location    "32.0";
    object     U;
}

dimensions      [0 1 0 0 0 0 0]; 

internalField   nonuniform List<vector>
100
(
(0.01753265834296409 0.03205322115504544 0.0) 
(0.02175042920125238 0.04795772721670525 0.0) 
(0.028412517332783195 0.049087552667833254 0.0) 
(0.03696548282224135 0.05047890951911585 0.0) 
(0.04572855943483128 0.05128010233276664 0.0) 
(0.054490715742574566 0.05127071370371349 0.0) 
(0.06326636715743023 0.05043277622062244 0.0) 
(0.07186759328127935 0.04898846479269597 0.0) 
(0.07846578881896223 0.047541556677841226 0.0) 
(0.0833076208092044 0.03173029000271638 0.0) 
(0.013853703945652022 0.021080836605496693 0.0) 
(0.015457801330837318 0.0358739461325358 0.0) 
(0.02449939123189433 0.04094171391881712 0.0) 
(0.0346972300801622 0.042505630072135515 0.0) 
(0.04500002247237964 0.04313405773388773 0.0) 
(0.05522809027387096 0.04311090439720057 0.0) 
(0.06554474589670929 0.04242493911296523 0.0) 
(0.07574990316145036 0.04076623346951454 0.0) 
(0.08478134590397403 0.035594633947757075 0.0) 
(0.08619216792758876 0.020981737936925645 0.0) 
(0.010615522140612644 0.0121179634821166 0.0) 
(0.011649558829340646 0.024125946677764805 0.0) 
(0.02081815177944895 0.029229891210913857 0.0) 
(0.03240990241341128 0.031249772522382712 0.0) 
(0.04422021819656042 0.03188295866245141 0.0) 
(0.05596370365094619 0.03185442089399782 0.0) 
(0.06776380112922839 0.031161386862964095 0.0) 
(0.07932143050930768 0.029083127630130448 0.0) 
(0.08841879541416353 0.02398416735385705 0.0) 
(0.08944779484877945 0.012083511233194707 0.0) 
(0.010681144313724586 0.006743772955464693 0.0) 
(0.009533258486065085 0.013790508515280313 0.0) 
(0.01857327625644381 0.017470138820257004 0.0) 
(0.030758470062516106 0.019074469502657156 0.0) 
(0.04362011020593837 0.01960972508023767 0.0) 
(0.05650464660605988 0.01958623785801196 0.0) 
(0.06934739266465129 0.01900728673544631 0.0) 
(0.0814923553725871 0.017378039358424257 0.0) 
(0.09049218227158189 0.01371231365593507 0.0) 
(0.08926691964630434 0.006725117152633016 0.0) 
(0.010833292041455531 0.002155681835511876 0.0) 
(0.008833927819485402 0.004519471498846827 0.0) 
(0.017554897091419185 0.005796791132561139 0.0) 
(0.029954040119930758 0.006404561519189691 0.0) 
(0.043305920606917944 0.006610271639727732 0.0) 
(0.05677198769416936 0.006595382868398833 0.0) 
(0.0701061208658997 0.006363965770955197 0.0) 
(0.0824763677890463 0.005743028514319936 0.0) 
(0.09117296979308019 0.004476009758220193 0.0) 
(0.08917091563631588 0.0021371276476857214 0.0) 
(0.010861575285389932 -0.0021186532487592964 0.0) 
(0.00883683781650135 -0.004509320260140954 0.0) 
(0.01755728235110056 -0.005805260870609443 0.0) 
(0.02995233699191952 -0.006420903291059774 0.0) 
(0.04329750245064566 -0.006638518494032337 0.0) 
(0.05675702385787223 -0.006645244310858651 0.0) 
(0.07008758519996514 -0.006439494408019944 0.0) 
(0.08245941137397195 -0.0058317488456421235 0.0) 
(0.09116548108203225 -0.004541047693896188 0.0) 
(0.08914229244984673 -0.0021409492026296384 0.0) 
(0.010711326771247 -0.006710836913295365 0.0) 
(0.00955155604616246 -0.013788783550782798 0.0) 
(0.018585458714879814 -0.01747428011827607 0.0) 
(0.030754461438526906 -0.019077430888365148 0.0) 
(0.04359555709651829 -0.01962317586048071 0.0) 
(0.056459347565674035 -0.019623161971789038 0.0) 
(0.06928862478313604 -0.01907780024457141 0.0) 
(0.08143798948475413 -0.017475022258616902 0.0) 
(0.09045278969792458 -0.013800572278371644 0.0) 
(0.089260622161012 -0.006737965901711326 0.0) 
(0.010733539324337531 -0.012111461775191758 0.0) 
(0.011719386463155722 -0.02414171134089644 0.0) 
(0.02084405115555181 -0.02921219014020121 0.0) 
(0.03240591646671387 -0.031225865044307466 0.0) 
(0.04418268482998936 -0.03186603650549508 0.0) 
(0.055889252810802925 -0.031860903093593004 0.0) 
(0.06766018971111405 -0.031212880076334108 0.0) 
(0.07921086706566846 -0.029193789420925965 0.0) 
(0.08834649657357097 -0.024111825729144356 0.0) 
(0.08928772530320468 -0.012122229965783727 0.0) 
(0.014247834891567866 -0.021142012795013702 0.0) 
(0.015533545679964228 -0.035855833615883584 0.0) 
(0.02453076664047031 -0.04089260903867036 0.0) 
(0.03468923983747849 -0.04244236442809651 0.0) 
(0.04495090007051611 -0.04307076466176713 0.0) 
(0.05513485817329058 -0.043068295565427635 0.0) 
(0.06540456032688477 -0.042428793725687246 0.0) 
(0.07557868537036083 -0.04086570432735408 0.0) 
(0.08457447682048655 -0.03582391019371822 0.0) 
(0.08615906732404155 -0.0210821526380465 0.0) 
(0.017543642628108768 -0.03214861011213807 0.0) 
(0.021818041452660756 -0.047901638961697614 0.0) 
(0.02841877259810879 -0.04901380634183854 0.0) 
(0.036946539754842606 -0.050377055961037025 0.0) 
(0.04567797424884476 -0.051176481083913115 0.0) 
(0.05440272413773119 -0.05117503927039975 0.0) 
(0.06314009168311405 -0.050373598073963056 0.0) 
(0.07167215889449834 -0.0489904736175018 0.0) 
(0.078311434049585 -0.0478716724262455 0.0) 
(0.08249382981569789 -0.03202751937911898 0.0) 
)
;

boundaryField
{
	bottom
	{
		type	solidTraction;
		value	nonuniform List<vector>
10
(
(0.019805184421873942 0.03815930192890676 0.0) 
(0.02490342058630752 0.049911416055792863 0.0) 
(0.03078230113449901 0.05357131862237719 0.0) 
(0.038144508504426994 0.05444543384580981 0.0) 
(0.046096763758779476 0.05520872605766496 0.0) 
(0.054121146116391156 0.055202055766202705 0.0) 
(0.06209219342919692 0.05441260237201171 0.0) 
(0.0694873520066201 0.0534350369534211 0.0) 
(0.07555928651084001 0.0495365052452648 0.0) 
(0.08116739138599538 0.03774890124465098 0.0) 
)
;
	}
	top
	{
		type	solidTraction;
		value	nonuniform List<vector>
10
(
(0.019754116335500893 -0.03824741187142561 0.0) 
(0.024901658133458602 -0.04987720450361141 0.0) 
(0.03078458198963659 -0.0534817253408472 0.0) 
(0.03811857679914721 -0.05433037678196754 0.0) 
(0.0460438575854893 -0.05508570886503569 0.0) 
(0.05403541800442554 -0.05508532737859533 0.0) 
(0.06196394288952525 -0.054326722128349346 0.0) 
(0.06930751618565566 -0.05346217060491188 0.0) 
(0.07516693671399666 -0.04982211629257529 0.0) 
(0.08023597451170154 -0.038117513790505445 0.0) 
)
;
	}
	left
	{
		type	fixedValue;
		value	uniform (0.0 0.0 0.0);
	}
	right
	{
		type	fixedValue;
		value	uniform (0.1 0.0 0.0);
	}
	frontAndBackPlanes
	{
		type	empty;
	}
}
