/*
 _____     _____     _____ _____ _____ _____    |  High-order Python FOAM
|  |  |___|  _  |_ _|   __|     |  _  |     |   |  Python Version: 3.10
|     | . |   __| | |   __|  |  |     | | | |   |  Code Version: 0.0
|__|__|___|__|  |_  |__|  |_____|__|__|_|_|_|   |  License: GPLv3
                |___|
*/
FoamFile
{
    version     2.0;
    format      ascii;
    class       volVectorField;
    location    "61.0";
    object     U;
}

dimensions      [0 1 0 0 0 0 0]; 

internalField   nonuniform List<vector>
100
(
(0.015912113550887175 0.03546413968382571 0.0) 
(0.020396545562789845 0.04663071741856757 0.0) 
(0.02858887749542166 0.04713765210457618 0.0) 
(0.03738292899493086 0.04950670707555788 0.0) 
(0.04592706909344294 0.05099118536772959 0.0) 
(0.054369137097119984 0.050979958839355986 0.0) 
(0.06293819405962542 0.049465335987107215 0.0) 
(0.07181253484114078 0.047102899563702866 0.0) 
(0.07981871689178696 0.04620364862715166 0.0) 
(0.08509985657846492 0.03490339732780843 0.0) 
(0.015523882975273625 0.023307328219722045 0.0) 
(0.015172266565800247 0.035994081602876475 0.0) 
(0.02472015532992404 0.04002895762491419 0.0) 
(0.03504887784911599 0.041820477557808565 0.0) 
(0.04515223939533075 0.04281608376091962 0.0) 
(0.055143510401061566 0.04279327638071454 0.0) 
(0.06526562268657615 0.041743689334795706 0.0) 
(0.0755996173479238 0.039849646764854856 0.0) 
(0.08514716094899566 0.03563709771104171 0.0) 
(0.08458195553170304 0.02317482381042585 0.0) 
(0.011406077464815168 0.012861055681247664 0.0) 
(0.011298057969618615 0.024313310575501915 0.0) 
(0.02115798579947209 0.0286523454579979 0.0) 
(0.032912179315924266 0.030529467563112325 0.0) 
(0.04443349692148929 0.031264110925989554 0.0) 
(0.0558020699815382 0.03123460422828296 0.0) 
(0.06731643221492378 0.030435038738666646 0.0) 
(0.07903631144704172 0.02847970836038461 0.0) 
(0.08880030374654581 0.024130763651878852 0.0) 
(0.08867992864460772 0.012811235398465527 0.0) 
(0.011450332330916548 0.007150048302446926 0.0) 
(0.008796362077675864 0.013858404834743928 0.0) 
(0.018808046959064916 0.017176102087675577 0.0) 
(0.03130853190187224 0.01860553136689609 0.0) 
(0.043868648166545565 0.019126479309824758 0.0) 
(0.05629460199956065 0.019101405630457893 0.0) 
(0.06883481701498262 0.018530945729926716 0.0) 
(0.08128671891472884 0.0170680948592996 0.0) 
(0.09124429771343656 0.013761406725579132 0.0) 
(0.08850461288493242 0.007130349856381666 0.0) 
(0.011587986576883405 0.002284601208591377 0.0) 
(0.007959424878213758 0.004551948405866253 0.0) 
(0.017692791596442645 0.005708974830622509 0.0) 
(0.030494514190004245 0.006253361999098998 0.0) 
(0.0435611952961067 0.006442472101596461 0.0) 
(0.05654564026667815 0.006427257729360025 0.0) 
(0.06959085624926858 0.0062110613472144425 0.0) 
(0.08235548220233968 0.005651103487770039 0.0) 
(0.09205459293345158 0.004504314902043346 0.0) 
(0.08842475653325058 0.0022649805351140093 0.0) 
(0.01162047139373773 -0.0022330629768550028 0.0) 
(0.007960606268236655 -0.0045390720509602325 0.0) 
(0.017695100641932984 -0.005719939075648002 0.0) 
(0.03049305969599675 -0.006271940744660757 0.0) 
(0.04355155012272656 -0.006471105858565065 0.0) 
(0.05652721712594397 -0.006476172113844518 0.0) 
(0.06956700514330129 -0.006285987143990982 0.0) 
(0.08233326796542222 -0.0057406344118647225 0.0) 
(0.09204500484679622 -0.004567289140211037 0.0) 
(0.08838983651236601 -0.002256581058497185 0.0) 
(0.011487476039735161 -0.0071021123859291695 0.0) 
(0.008810184122737041 -0.013854088551312836 0.0) 
(0.01882151572277374 -0.017181793421330183 0.0) 
(0.031305477819689 -0.018607701341922942 0.0) 
(0.043840033684190115 -0.019136917775322112 0.0) 
(0.05623840932852404 -0.019134072449897413 0.0) 
(0.06875814072928575 -0.018599245332751313 0.0) 
(0.08121423561128126 -0.017168679463420898 0.0) 
(0.09119549124477953 -0.013855132133422012 0.0) 
(0.08848771648724472 -0.007134705409034387 0.0) 
(0.011540392270484786 -0.012844672604759381 0.0) 
(0.011370507635861733 -0.024329372490666284 0.0) 
(0.021187484929027875 -0.028628729046010572 0.0) 
(0.03290881026516549 -0.03049654288433414 0.0) 
(0.04438793139769721 -0.03123696491716892 0.0) 
(0.055707962649109544 -0.031229566561148493 0.0) 
(0.06718035718999187 -0.03047542838959258 0.0) 
(0.07888463340860268 -0.02859465070619488 0.0) 
(0.08870550864577477 -0.02427726096453652 0.0) 
(0.0884934366684719 -0.012861168639660213 0.0) 
(0.016007880068995003 -0.023404661828999147 0.0) 
(0.015246028739671014 -0.035963798961409256 0.0) 
(0.02475427170739444 -0.03995780349075331 0.0) 
(0.03503673926225926 -0.04173395111490169 0.0) 
(0.04508741993672744 -0.04273211794766589 0.0) 
(0.05502074856020706 -0.042729581686623844 0.0) 
(0.06507728347988011 -0.04171810806945752 0.0) 
(0.07537049762090625 -0.03992124420891045 0.0) 
(0.0848707732868911 -0.03591487578057851 0.0) 
(0.08449933670202213 -0.023302623932217915 0.0) 
(0.015902509620813597 -0.03560427130237975 0.0) 
(0.020469470147666882 -0.046551763860934514 0.0) 
(0.028587365892734275 -0.04703256236161413 0.0) 
(0.03735558059191375 -0.049370740969397565 0.0) 
(0.04585689333203084 -0.05086286425883973 0.0) 
(0.054242180742898535 -0.050861646521750306 0.0) 
(0.06274671147675469 -0.04936802240740989 0.0) 
(0.07151440374087777 -0.047005032327897586 0.0) 
(0.07968056385403056 -0.04650991377050097 0.0) 
(0.0841294739887666 -0.03541368934693799 0.0) 
)
;

boundaryField
{
	bottom
	{
		type	solidTraction;
		value	nonuniform List<vector>
10
(
(0.017264099865418915 0.04142398342600782 0.0) 
(0.023199920135137123 0.049218894537193 0.0) 
(0.030611291924185477 0.05141549674057491 0.0) 
(0.03849970222309407 0.05320905858662377 0.0) 
(0.0462965227248171 0.05475992833461329 0.0) 
(0.05400641109103672 0.054753526687329905 0.0) 
(0.06184039533527039 0.053197723491914456 0.0) 
(0.0697623630682206 0.05134567127838758 0.0) 
(0.07732649923547329 0.048797707663090294 0.0) 
(0.08387867491593001 0.040752417250034804 0.0) 
)
;
	}
	top
	{
		type	solidTraction;
		value	nonuniform List<vector>
10
(
(0.017175827433110503 -0.04155592365272506 0.0) 
(0.023184210808953467 -0.04917338228135546 0.0) 
(0.030604711172511418 -0.05129101630314633 0.0) 
(0.038460837476267745 -0.05305759052761573 0.0) 
(0.04621992556308714 -0.05460859424403651 0.0) 
(0.053875149520975066 -0.054608902594910705 0.0) 
(0.06163478807590035 -0.05305540648869644 0.0) 
(0.06949973690728138 -0.05126908090801697 0.0) 
(0.07688883810707918 -0.04909302167737952 0.0) 
(0.08279481729487982 -0.04135160429521856 0.0) 
)
;
	}
	left
	{
		type	fixedValue;
		value	uniform (0.0 0.0 0.0);
	}
	right
	{
		type	fixedValue;
		value	uniform (0.1 0.0 0.0);
	}
	frontAndBackPlanes
	{
		type	empty;
	}
}
