/*
 _____     _____     _____ _____ _____ _____    |  High-order Python FOAM
|  |  |___|  _  |_ _|   __|     |  _  |     |   |  Python Version: 3.10
|     | . |   __| | |   __|  |  |     | | | |   |  Code Version: 0.0
|__|__|___|__|  |_  |__|  |_____|__|__|_|_|_|   |  License: GPLv3
                |___|
*/
FoamFile
{
    version     2.0;
    format      ascii;
    class       volVectorField;
    location    "20.0";
    object     U;
}

dimensions      [0 1 0 0 0 0 0]; 

internalField   nonuniform List<vector>
100
(
(0.017593274282213734 0.02804703476696974 0.0) 
(0.022056393387766757 0.04639352204048392 0.0) 
(0.027458068129348322 0.04769492964399011 0.0) 
(0.035787764384269685 0.04729198026030747 0.0) 
(0.045197321595084994 0.04657557590898756 0.0) 
(0.05498235345461318 0.04658085075326192 0.0) 
(0.06439231923332651 0.04728019668883917 0.0) 
(0.07274691099676979 0.04761945219575385 0.0) 
(0.07813232219825877 0.0460708753790554 0.0) 
(0.0830647512925631 0.02787395242854937 0.0) 
(0.012306187747686827 0.01878268746742959 0.0) 
(0.015356717741456489 0.03379594406804878 0.0) 
(0.024166433827813857 0.03905497040257723 0.0) 
(0.03425253466353637 0.039864865549639986 0.0) 
(0.04479415465635518 0.039742674147845006 0.0) 
(0.055380894861665864 0.039729504560744686 0.0) 
(0.06593504154831127 0.03981169151712946 0.0) 
(0.07603029523027537 0.03892772879280451 0.0) 
(0.08482441599047943 0.033603539013270727 0.0) 
(0.0877107524133057 0.018715865145748294 0.0) 
(0.009966340050043475 0.01106423057980237 0.0) 
(0.01198514190762594 0.022663565866826392 0.0) 
(0.02081237942560432 0.027830291014591127 0.0) 
(0.03216229630917863 0.029637201579067542 0.0) 
(0.04407946606111841 0.029999615254517168 0.0) 
(0.05606032807041616 0.029979311368375356 0.0) 
(0.06796739722947416 0.0295739145538924 0.0) 
(0.0792885799697228 0.0277271484080627 0.0) 
(0.08806472786400744 0.022567866070811054 0.0) 
(0.09008291513844985 0.011043290617909856 0.0) 
(0.010103231220043413 0.00617488453122185 0.0) 
(0.01032504270117282 0.012992926316227126 0.0) 
(0.01891548936849791 0.016655482549351484 0.0) 
(0.0306963318317599 0.018236979074460688 0.0) 
(0.0435354424874236 0.01871509353697847 0.0) 
(0.056555084906342465 0.018697806556760073 0.0) 
(0.06937853688294185 0.018188148471979766 0.0) 
(0.08112874963954246 0.016589997731510236 0.0) 
(0.0896912918161999 0.012939228615251352 0.0) 
(0.08985008620018284 0.006161578269658646 0.0) 
(0.010311453889522128 0.0019733665618784234 0.0) 
(0.009806064754948189 0.004255561387076707 0.0) 
(0.01810131835659679 0.005531168098146097 0.0) 
(0.030017014289351072 0.00614245017327454 0.0) 
(0.04326258148900661 0.0063452819230871435 0.0) 
(0.05679012354977914 0.006333851516380509 0.0) 
(0.07002221624415315 0.006111563455693745 0.0) 
(0.08191706237681519 0.005490908193735415 0.0) 
(0.09019666028417465 0.004223864738821473 0.0) 
(0.08969169916195646 0.001959853876897325 0.0) 
(0.010335037057366395 -0.0019509017494837447 0.0) 
(0.009809352555214111 -0.004259427936064827 0.0) 
(0.01810375312787537 -0.005554555538800867 0.0) 
(0.03001585086444241 -0.00617554695866913 0.0) 
(0.04325630469019819 -0.006389885696429224 0.0) 
(0.05677928844838623 -0.006395939330450927 0.0) 
(0.07000899444302704 -0.006192092902319654 0.0) 
(0.08190483473019057 -0.005577589286888937 0.0) 
(0.09019108348537754 -0.004285955566914379 0.0) 
(0.08966805795453935 -0.0019682694624698982 0.0) 
(0.010125890124263431 -0.0061560170314548844 0.0) 
(0.010343391342511053 -0.013004374975847399 0.0) 
(0.018926787281882015 -0.01667567551796957 0.0) 
(0.030693530817474134 -0.01826003188774723 0.0) 
(0.043517247129195816 -0.018749006830627447 0.0) 
(0.05652227393070981 -0.018750866787998796 0.0) 
(0.06933689642559633 -0.01826543873486068 0.0) 
(0.08108972368837766 -0.016682804181827125 0.0) 
(0.08966038568929934 -0.013018903430750762 0.0) 
(0.08984827416262209 -0.006176725515113193 0.0) 
(0.010065439507616064 -0.011065597176766783 0.0) 
(0.012047413264108181 -0.022689614923636008 0.0) 
(0.020835412728480544 -0.0278340348087566 0.0) 
(0.03216036408505376 -0.029641265500554136 0.0) 
(0.04405178078474548 -0.030011510322242634 0.0) 
(0.05600664788555122 -0.030011042706059008 0.0) 
(0.06789340559930547 -0.02963993822264659 0.0) 
(0.07920999951436276 -0.02783134877734286 0.0) 
(0.0880093716926134 -0.022676554244108197 0.0) 
(0.08994875320414873 -0.011073384195808835 0.0) 
(0.012621802174012613 -0.01882601004175494 0.0) 
(0.015426499327545478 -0.03379602678519977 0.0) 
(0.0241969507569663 -0.03904027856713035 0.0) 
(0.034251254283023495 -0.03984209746628755 0.0) 
(0.044761587526645684 -0.03972005361567957 0.0) 
(0.05531423843281616 -0.039724329221570695 0.0) 
(0.06583339032926531 -0.039847229226912105 0.0) 
(0.07590293127280681 -0.039037621995074115 0.0) 
(0.08466908189093977 -0.03378592719157319 0.0) 
(0.08770200453316472 -0.018791889748664477 0.0) 
(0.017614884442332175 -0.028114679084087043 0.0) 
(0.022124826295626752 -0.04636738812667007 0.0) 
(0.027474820728965323 -0.04766795295243085 0.0) 
(0.03577967278976256 -0.04724340580329006 0.0) 
(0.04516404308877767 -0.04651994576382567 0.0) 
(0.054923432594636334 -0.046531952504639075 0.0) 
(0.06430609624061721 -0.04727108360160996 0.0) 
(0.07260565177793933 -0.04767843749947359 0.0) 
(0.07797768312524901 -0.046361948526365354 0.0) 
(0.08241292282103325 -0.02803722626149021 0.0) 
)
;

boundaryField
{
	bottom
	{
		type	solidTraction;
		value	nonuniform List<vector>
10
(
(0.020295329527205877 0.03378941776303515 0.0) 
(0.025071487097391917 0.047621789526958135 0.0) 
(0.029788665422013628 0.05181081777335861 0.0) 
(0.03679928179996205 0.05089144931691929 0.0) 
(0.04548987694903069 0.05000999968880114 0.0) 
(0.05469182610002782 0.05001794474049184 0.0) 
(0.0633839034398142 0.05088859445935956 0.0) 
(0.07041415166017477 0.051708394610822536 0.0) 
(0.07530541418112312 0.047352096042994604 0.0) 
(0.08047574240922209 0.033557383462928456 0.0) 
)
;
	}
	top
	{
		type	solidTraction;
		value	nonuniform List<vector>
10
(
(0.02027114196805047 -0.03385105592609478 0.0) 
(0.025086870529691083 -0.04761095712239848 0.0) 
(0.029804600490472184 -0.0517721433102997 0.0) 
(0.036787731383839756 -0.05083358586998298 0.0) 
(0.045456211652659353 -0.04994044778434109 0.0) 
(0.0546362531615321 -0.04995473343654146 0.0) 
(0.06329765937561596 -0.0508644973910366 0.0) 
(0.0702751239445864 -0.05178994189223442 0.0) 
(0.07496573468197439 -0.04759225716075486 0.0) 
(0.07971628305978766 -0.03377043753964896 0.0) 
)
;
	}
	left
	{
		type	fixedValue;
		value	uniform (0.0 0.0 0.0);
	}
	right
	{
		type	fixedValue;
		value	uniform (0.1 0.0 0.0);
	}
	frontAndBackPlanes
	{
		type	empty;
	}
}
