/*
 _____     _____     _____ _____ _____ _____    |  High-order Python FOAM
|  |  |___|  _  |_ _|   __|     |  _  |     |   |  Python Version: 3.10
|     | . |   __| | |   __|  |  |     | | | |   |  Code Version: 0.0
|__|__|___|__|  |_  |__|  |_____|__|__|_|_|_|   |  License: GPLv3
                |___|
*/
FoamFile
{
    version     2.0;
    format      ascii;
    class       volVectorField;
    location    "13.0";
    object     U;
}

dimensions      [0 1 0 0 0 0 0]; 

internalField   nonuniform List<vector>
100
(
(0.018218537425218867 0.024397930205452945 0.0) 
(0.023902479199866437 0.04715588379688019 0.0) 
(0.028437650653338583 0.05328758311555022 0.0) 
(0.036071943183835976 0.055302064264668035 0.0) 
(0.04519390060421909 0.055488395285601344 0.0) 
(0.05494004481183032 0.05547105068540838 0.0) 
(0.06406423807622848 0.05523168570914067 0.0) 
(0.07172277269961322 0.05314082184719008 0.0) 
(0.07627082735692037 0.04685327842874033 0.0) 
(0.08229757622114525 0.02429832905217539 0.0) 
(0.010027996537039244 0.01669694116889523 0.0) 
(0.014056467241480292 0.033073275925984746 0.0) 
(0.022706562122801033 0.041085240803921536 0.0) 
(0.032994648350924964 0.043707237756203235 0.0) 
(0.04429804870218729 0.04437202015799383 0.0) 
(0.055864598212491734 0.04434723099016546 0.0) 
(0.06717307013798672 0.04362748638957353 0.0) 
(0.07745861244714349 0.04094322268334376 0.0) 
(0.08607928526601524 0.032906473101715544 0.0) 
(0.08996777867123215 0.016644663821329952 0.0) 
(0.007954753620767318 0.009766317320669512 0.0) 
(0.010012340031612024 0.021525279312728754 0.0) 
(0.018433226600599872 0.02804009633590331 0.0) 
(0.03016347017563755 0.03103221849730723 0.0) 
(0.04330211357187661 0.03200154324598594 0.0) 
(0.05683202635772424 0.031977055547949995 0.0) 
(0.06995456407375349 0.03096186494236776 0.0) 
(0.08165136963334903 0.0279393080619431 0.0) 
(0.09002709693697074 0.021441160291833065 0.0) 
(0.09207563467016501 0.009749902695509014 0.0) 
(0.00752112192914322 0.0053123904516864905 0.0) 
(0.008146557440316279 0.012048528451185994 0.0) 
(0.016265147178339413 0.01627628706439324 0.0) 
(0.028446295516477187 0.018493129921000172 0.0) 
(0.04265695102362499 0.019343496643528118 0.0) 
(0.05743517656610575 0.019325208616183566 0.0) 
(0.07162787896330579 0.01844343887166045 0.0) 
(0.08377807128289935 0.0162130169927017 0.0) 
(0.0918705756769071 0.011998779993370148 0.0) 
(0.09245329013280298 0.005299244036289943 0.0) 
(0.007465070677301216 0.001670506210435233 0.0) 
(0.007501583730521809 0.0038918604805642403 0.0) 
(0.015381870001654887 0.005329001357830019 0.0) 
(0.027712099866210125 0.006135945916440114 0.0) 
(0.04236188778935804 0.0064623086575760075 0.0) 
(0.05769732218755417 0.006450701109192072 0.0) 
(0.07233287144702587 0.0061049856986352 0.0) 
(0.08464170473699059 0.005289465692588278 0.0) 
(0.09250488576494818 0.0038597617607217427 0.0) 
(0.09253056715484893 0.0016560821296667289 0.0) 
(0.007475401243515563 -0.0016445824614972316 0.0) 
(0.007502864851798501 -0.003881717283105165 0.0) 
(0.015381674125664262 -0.005328829431997719 0.0) 
(0.02770892941131409 -0.006140603751015446 0.0) 
(0.04235514464530346 -0.006476614831216234 0.0) 
(0.05768804543151714 -0.006482410455693294 0.0) 
(0.07232288649832404 -0.0061565710862059924 0.0) 
(0.08463349258592405 -0.005351230956603629 0.0) 
(0.09250208510219163 -0.003906441455484592 0.0) 
(0.09252140300604597 -0.0016604369786677369 0.0) 
(0.007542000431425837 -0.005291218510584749 0.0) 
(0.008155991448279448 -0.01204814622462616 0.0) 
(0.01626808484051324 -0.016275148444336095 0.0) 
(0.02843743086187411 -0.018489758892663 0.0) 
(0.04263750332092482 -0.019348997414735836 0.0) 
(0.05740759374702834 -0.019349341351689593 0.0) 
(0.07159696752328118 -0.0184918475176011 0.0) 
(0.08375147981239048 -0.01627959160432703 0.0) 
(0.09185242776794367 -0.012060317976594612 0.0) 
(0.09245182527805089 -0.005308934511236619 0.0) 
(0.008015999403487729 -0.009764699616232487 0.0) 
(0.010054359137545231 -0.021543598236615738 0.0) 
(0.018441165152353004 -0.028027349354904054 0.0) 
(0.030151602260123686 -0.031014313135199707 0.0) 
(0.04327413773768348 -0.03198960418983141 0.0) 
(0.056787633903786744 -0.03198375196694271 0.0) 
(0.06990033227091699 -0.031002124706156115 0.0) 
(0.0815983190467885 -0.02801414718320653 0.0) 
(0.08999122228570444 -0.02152835979686671 0.0) 
(0.0919924367340399 -0.009770699918775183 0.0) 
(0.010265093212331919 -0.01673103971929179 0.0) 
(0.01410114686773276 -0.03307372566310113 0.0) 
(0.022716974123990243 -0.04106255821727467 0.0) 
(0.032980644614020824 -0.04366941981203012 0.0) 
(0.04426236250383726 -0.04433084099666019 0.0) 
(0.05581066381314752 -0.04432575480769628 0.0) 
(0.06709986447562752 -0.04364843676997646 0.0) 
(0.07737053879514287 -0.041030913794468556 0.0) 
(0.08597223204026139 -0.0330459051719974 0.0) 
(0.08996479981617658 -0.01670116865074093 0.0) 
(0.018235900023589033 -0.02445190971143197 0.0) 
(0.023942829119130184 -0.04713698752149618 0.0) 
(0.02843290020792496 -0.053254573841607436 0.0) 
(0.036049755974837165 -0.05524094396740703 0.0) 
(0.045161314652673465 -0.05541856708295427 0.0) 
(0.05489926864029449 -0.05541408628925292 0.0) 
(0.064011282704465 -0.0552226989584368 0.0) 
(0.07162972835829384 -0.053205016294871295 0.0) 
(0.07614596555781993 -0.04708662823461097 0.0) 
(0.08180078396557687 -0.024391444013994564 0.0) 
)
;

boundaryField
{
	bottom
	{
		type	solidTraction;
		value	nonuniform List<vector>
10
(
(0.022298344821054663 0.030298542321837336 0.0) 
(0.027863110310950366 0.049293010128335306 0.0) 
(0.03204367143367404 0.05887063064268748 0.0) 
(0.037940400014442516 0.06097607298320575 0.0) 
(0.045787978321390116 0.06122958772918949 0.0) 
(0.054331984717665885 0.061210766058923435 0.0) 
(0.062186486912686884 0.06090205150901007 0.0) 
(0.06811588448650453 0.05869429809181783 0.0) 
(0.07245489059789402 0.04903318186031344 0.0) 
(0.0783176968243187 0.030149701038915448 0.0) 
)
;
	}
	top
	{
		type	solidTraction;
		value	nonuniform List<vector>
10
(
(0.022281062808357153 -0.030350020520995617 0.0) 
(0.02786375821903434 -0.04928392692628524 0.0) 
(0.032037492289667305 -0.05882876500177628 0.0) 
(0.03791582692297217 -0.06090772969557082 0.0) 
(0.045757097660679626 -0.06114914973013364 0.0) 
(0.05429674036222669 -0.061143755565798 0.0) 
(0.06213614001444192 -0.06088465518552494 0.0) 
(0.06802110869863638 -0.05877641757005104 0.0) 
(0.07219079898147901 -0.04922039197824992 0.0) 
(0.07773306036774132 -0.030278341341035787 0.0) 
)
;
	}
	left
	{
		type	fixedValue;
		value	uniform (0.0 0.0 0.0);
	}
	right
	{
		type	fixedValue;
		value	uniform (0.1 0.0 0.0);
	}
	frontAndBackPlanes
	{
		type	empty;
	}
}
