/*
 _____     _____     _____ _____ _____ _____    |  High-order Python FOAM
|  |  |___|  _  |_ _|   __|     |  _  |     |   |  Python Version: 3.10
|     | . |   __| | |   __|  |  |     | | | |   |  Code Version: 0.0
|__|__|___|__|  |_  |__|  |_____|__|__|_|_|_|   |  License: GPLv3
                |___|
*/
FoamFile
{
    version     2.0;
    format      ascii;
    class       volVectorField;
    location    "59.0";
    object     U;
}

dimensions      [0 1 0 0 0 0 0]; 

internalField   nonuniform List<vector>
100
(
(0.015985871676661594 0.03533281896991728 0.0) 
(0.020436710818831697 0.04667475379645572 0.0) 
(0.028581141278857705 0.04717882296216798 0.0) 
(0.03737603917625608 0.04951979147365953 0.0) 
(0.04592545943950347 0.050997696191788 0.0) 
(0.05436772374890273 0.05098684848681007 0.0) 
(0.06294123974814303 0.04947899586882936 0.0) 
(0.07181414202830089 0.04714128463035178 0.0) 
(0.0797787322366701 0.04624685829213923 0.0) 
(0.08501911865797321 0.034783570611022274 0.0) 
(0.015452817229307199 0.023198594800515376 0.0) 
(0.015191829483740555 0.03598382466622203 0.0) 
(0.02471303112951835 0.040049293301040505 0.0) 
(0.035037548128601305 0.04183231940692609 0.0) 
(0.04514787603113233 0.04281988854827886 0.0) 
(0.05514508954093707 0.042797223804425834 0.0) 
(0.06527382554759471 0.041755631580320925 0.0) 
(0.07560361991958642 0.03987013940792711 0.0) 
(0.08512393850977557 0.035630394325041816 0.0) 
(0.08464996649231928 0.023067706242253003 0.0) 
(0.011370626798325045 0.012826882273440936 0.0) 
(0.011318552006811224 0.024301668354906707 0.0) 
(0.0211457559556125 0.028669566952611605 0.0) 
(0.032894162294028736 0.030550219830516766 0.0) 
(0.04442655063861104 0.03128153068924049 0.0) 
(0.05580691652319084 0.03125210909867124 0.0) 
(0.0673321902012173 0.030456107777976367 0.0) 
(0.0790461843522162 0.028498118815081148 0.0) 
(0.08877852636326511 0.02412103804726663 0.0) 
(0.08871422880132461 0.012777897976243095 0.0) 
(0.011418525343814705 0.007130505704752207 0.0) 
(0.008834195423995812 0.013854052443310458 0.0) 
(0.018798260603953818 0.01718486020283332 0.0) 
(0.03128714857512763 0.01861951509977313 0.0) 
(0.04385985407967229 0.019140211818079077 0.0) 
(0.05630187814555439 0.019115207204425538 0.0) 
(0.06885471588279758 0.01854525028766233 0.0) 
(0.0812953761114673 0.017077556077896048 0.0) 
(0.09120592188604422 0.013757910102023872 0.0) 
(0.08853588991589953 0.007110810185569056 0.0) 
(0.011556997393294173 0.0022784847205538795 0.0) 
(0.008003089857858263 0.004549941361848252 0.0) 
(0.017686025690944754 0.005711385230740454 0.0) 
(0.03047242377746295 0.006257579601406712 0.0) 
(0.043551744513131575 0.006446942337712222 0.0) 
(0.05655398802031343 0.0064317391513927374 0.0) 
(0.06961200753538548 0.006215339256438326 0.0) 
(0.08236167906697965 0.005653667448884849 0.0) 
(0.09201078162757213 0.004502456212764573 0.0) 
(0.08845526813215489 0.0022588598771883816 0.0) 
(0.011589300779223898 -0.0022277710507394117 0.0) 
(0.008004367431602304 -0.004537250673235363 0.0) 
(0.01768833828554264 -0.005722264124867915 0.0) 
(0.030470957180948464 -0.006276070974446857 0.0) 
(0.043542156109256415 -0.0064755528424237565 0.0) 
(0.05653571079077233 -0.006480691204917362 0.0) 
(0.06958837683815242 -0.006290330728126396 0.0) 
(0.08233968057011987 -0.005743264818411507 0.0) 
(0.0920012626407896 -0.004565694574872746 0.0) 
(0.08842064858441666 -0.0022512710513844683 0.0) 
(0.011455325347510325 -0.007083414736157723 0.0) 
(0.008848280560883937 -0.013849897027700363 0.0) 
(0.018811653515780995 -0.017190496486957942 0.0) 
(0.03128405190117799 -0.018621740214635748 0.0) 
(0.043831428602747045 -0.019150774452041473 0.0) 
(0.05624614025974915 -0.019148048930527076 0.0) 
(0.06877878271160598 -0.018613688701544017 0.0) 
(0.08122366018004333 -0.017178078720875383 0.0) 
(0.0911574733037715 -0.013851521776370853 0.0) 
(0.08851960682611437 -0.007115756099477192 0.0) 
(0.011504176782921885 -0.012811138077005199 0.0) 
(0.011390924208533413 -0.024317707593932626 0.0) 
(0.021175083169321048 -0.028646301830103887 0.0) 
(0.03289077237301391 -0.03051775611999146 0.0) 
(0.04438136174073957 -0.031254846405370934 0.0) 
(0.055713629840815175 -0.03124754037086858 0.0) 
(0.06719745819974753 -0.030497012158383813 0.0) 
(0.07889630904469906 -0.02861299070388938 0.0) 
(0.08868471971976982 -0.024266733768859485 0.0) 
(0.08852894404988378 -0.012827311996717529 0.0) 
(0.015932399210646913 -0.023293954059929477 0.0) 
(0.015265857510909397 -0.0359542336412915 0.0) 
(0.024747011717452104 -0.03997928087768018 0.0) 
(0.03502559067852984 -0.04174700165692344 0.0) 
(0.045083756874088055 -0.04273695798512917 0.0) 
(0.055023591838866466 -0.04273442178117067 0.0) 
(0.06508757418322055 -0.04173125357656487 0.0) 
(0.07537706380041093 -0.03994315805462985 0.0) 
(0.08485072022208191 -0.03590608104865357 0.0) 
(0.08456992377247564 -0.02319427482977214 0.0) 
(0.01597748070161339 -0.03547072119594042 0.0) 
(0.020509288619294713 -0.04659700367714282 0.0) 
(0.028580025954919704 -0.047075245813249685 0.0) 
(0.03734909931014533 -0.04938559079840594 0.0) 
(0.04585611429466471 -0.05087075021691929 0.0) 
(0.05424228304111401 -0.05086948751371738 0.0) 
(0.06275260281062461 -0.049382770998542005 0.0) 
(0.07152135040937203 -0.04704791341921662 0.0) 
(0.07963976658045542 -0.04655560767382736 0.0) 
(0.084055018908656 -0.035283636486080655 0.0) 
)
;

boundaryField
{
	bottom
	{
		type	solidTraction;
		value	nonuniform List<vector>
10
(
(0.01737191113824666 0.04130205586376516 0.0) 
(0.023257833030353163 0.049233537653252175 0.0) 
(0.03061471107859834 0.05146351803679297 0.0) 
(0.038495207105618184 0.05322891866668772 0.0) 
(0.04629494580349711 0.05476888492284396 0.0) 
(0.05400462923869959 0.0547628303974541 0.0) 
(0.06184026835243497 0.05321738119682166 0.0) 
(0.06975367940771718 0.05139064901952148 0.0) 
(0.07726591260262862 0.048813676461333055 0.0) 
(0.0837642033390657 0.04064276411111211 0.0) 
)
;
	}
	top
	{
		type	solidTraction;
		value	nonuniform List<vector>
10
(
(0.01728565035227728 -0.04143183650165312 0.0) 
(0.023242770936100807 -0.04918861807059592 0.0) 
(0.030608542893400554 -0.051340744231638105 0.0) 
(0.03845695433441134 -0.05307933805966075 0.0) 
(0.04621931685784356 -0.054619077059243216 0.0) 
(0.05387518087067116 -0.054619316481873854 0.0) 
(0.061638223589284225 -0.053077023345488576 0.0) 
(0.06949543919698245 -0.051318888316818294 0.0) 
(0.07683015262791884 -0.049109416326113646 0.0) 
(0.08268620762986184 -0.04123120709192577 0.0) 
)
;
	}
	left
	{
		type	fixedValue;
		value	uniform (0.0 0.0 0.0);
	}
	right
	{
		type	fixedValue;
		value	uniform (0.1 0.0 0.0);
	}
	frontAndBackPlanes
	{
		type	empty;
	}
}
