/*
 _____     _____     _____ _____ _____ _____    |  High-order Python FOAM
|  |  |___|  _  |_ _|   __|     |  _  |     |   |  Python Version: 3.10
|     | . |   __| | |   __|  |  |     | | | |   |  Code Version: 0.0
|__|__|___|__|  |_  |__|  |_____|__|__|_|_|_|   |  License: GPLv3
                |___|
*/
FoamFile
{
    version     2.0;
    format      ascii;
    class       volVectorField;
    location    "86.0";
    object     U;
}

dimensions      [0 1 0 0 0 0 0]; 

internalField   nonuniform List<vector>
100
(
(0.015254290726506012 0.036541713895506575 0.0) 
(0.02010650018037396 0.046310166890749405 0.0) 
(0.028631230908947234 0.04690698572800712 0.0) 
(0.03740100070247237 0.04944524691839405 0.0) 
(0.04591976524605268 0.05091675929196674 0.0) 
(0.05440135391052525 0.05090121172103762 0.0) 
(0.06295250275435942 0.049395099326626966 0.0) 
(0.07182636670191028 0.04689464634642156 0.0) 
(0.08010698075808653 0.04589578687760494 0.0) 
(0.08581417541952067 0.03587770640661368 0.0) 
(0.016130945949528963 0.024297933501889718 0.0) 
(0.014962352598898809 0.036077974026810275 0.0) 
(0.024772733157017814 0.03989235229121573 0.0) 
(0.035138347833865394 0.041741903139311747 0.0) 
(0.045185493267628225 0.04277658941337005 0.0) 
(0.05513421889867474 0.0427518405636982 0.0) 
(0.0652030688639035 0.04166290105004754 0.0) 
(0.07557373001170976 0.039711514806460194 0.0) 
(0.0853886701658553 0.03568969932279043 0.0) 
(0.08400324532257193 0.024150037477951337 0.0) 
(0.011708202369802098 0.013151040232814167 0.0) 
(0.011096604563819579 0.024409584766757385 0.0) 
(0.021261823945017598 0.028511773179495273 0.0) 
(0.033063980135556476 0.030362895868092623 0.0) 
(0.044489504172554026 0.031116459018357814 0.0) 
(0.05576452293306594 0.03108597090345786 0.0) 
(0.0671840657305765 0.030265437868500267 0.0) 
(0.07895263088762128 0.028328749604683446 0.0) 
(0.08901229226508733 0.024210130301501286 0.0) 
(0.08838872018236821 0.013093067301963766 0.0) 
(0.011706053930693456 0.007322043429489035 0.0) 
(0.008445570624533843 0.013891555977448499 0.0) 
(0.018903592058607588 0.017104885585208028 0.0) 
(0.031493789838427336 0.01849385655004366 0.0) 
(0.04394060764913805 0.019015383359165118 0.0) 
(0.056236231883678864 0.018989656008365784 0.0) 
(0.06866258144584658 0.018416437176074996 0.0) 
(0.08120061497984021 0.016990835143137737 0.0) 
(0.09159890636365871 0.013787231123472809 0.0) 
(0.08825472527926852 0.0073027201747328085 0.0) 
(0.01183718096995473 0.002338038926148814 0.0) 
(0.007560589332054844 0.004568925572308205 0.0) 
(0.017767827781369733 0.005690218086880666 0.0) 
(0.030689037230633456 0.006221042070498103 0.0) 
(0.04363917608225862 0.006407928074362014 0.0) 
(0.05647772697305801 0.006392571944617096 0.0) 
(0.06940476169288382 0.006178171094848621 0.0) 
(0.08228512747559308 0.005631087962723045 0.0) 
(0.09245376060879947 0.004520238209055342 0.0) 
(0.0881801115339115 0.0023189297000242542 0.0) 
(0.011871163729162679 -0.002278592535454527 0.0) 
(0.0075608390389698635 -0.004554301972399343 0.0) 
(0.017770162818870398 -0.005701772710063905 0.0) 
(0.03068774008037286 -0.006240076863858411 0.0) 
(0.04362901668773143 -0.0064364760758294035 0.0) 
(0.05645802229901546 -0.006440974896931326 0.0) 
(0.06937902592751871 -0.006252332121393135 0.0) 
(0.08226113599570452 -0.005719679591920163 0.0) 
(0.09244376661085017 -0.004580204891797759 0.0) 
(0.08814248930705099 -0.0023020222856860156 0.0) 
(0.011746121743260748 -0.007265956971597292 0.0) 
(0.008456686453633734 -0.013885704154727804 0.0) 
(0.018917956947669377 -0.017110946011991916 0.0) 
(0.031491231981537054 -0.018495226401329844 0.0) 
(0.04391028173683569 -0.01902449508110117 0.0) 
(0.05617610145138483 -0.019020673556589533 0.0) 
(0.06857963420462582 -0.018483286975872735 0.0) 
(0.08112175245152098 -0.01709148170393775 0.0) 
(0.0915476082270337 -0.013881237510875591 0.0) 
(0.08823177611337174 -0.0073007701412229516 0.0) 
(0.011848599497114856 -0.013127897048743965 0.0) 
(0.011169191149509886 -0.024425847044580264 0.0) 
(0.02129297590700517 -0.02848465523831347 0.0) 
(0.033060936777590505 -0.030325514600742853 0.0) 
(0.044440544848387345 -0.031084940327815135 0.0) 
(0.05566339992483838 -0.03107678144243714 0.0) 
(0.06703684171356501 -0.030301172149590726 0.0) 
(0.07878580355201119 -0.028443669911278148 0.0) 
(0.08890950377792338 -0.02436326053598566 0.0) 
(0.08819216040502413 -0.013147663913363706 0.0) 
(0.016654262930670904 -0.024414508530117063 0.0) 
(0.015032366032956884 -0.036040871838945276 0.0) 
(0.02480811372585825 -0.03981051661235446 0.0) 
(0.03512476486554591 -0.04164390770315961 0.0) 
(0.0451145696444222 -0.0426825986591427 0.0) 
(0.05500069310753216 -0.042679996886668695 0.0) 
(0.06499712681013618 -0.041627164860804935 0.0) 
(0.07532299271402763 -0.03977021348120637 0.0) 
(0.08508513298117175 -0.035985436050176775 0.0) 
(0.08389659003496519 -0.024289112783208305 0.0) 
(0.015232069019113599 -0.036702675970816556 0.0) 
(0.02018272911350823 -0.04621999684558604 0.0) 
(0.028625932759742463 -0.04678838239772552 0.0) 
(0.03736981317478808 -0.04929286040881365 0.0) 
(0.045842224569757756 -0.05077456839668461 0.0) 
(0.05426242642064882 -0.05077355004968584 0.0) 
(0.06273766269269954 -0.04929082747134646 0.0) 
(0.07147921306744409 -0.04675906239360376 0.0) 
(0.07997596239046287 -0.04617478976100946 0.0) 
(0.08479337250797564 -0.03647935334117475 0.0) 
)
;

boundaryField
{
	bottom
	{
		type	solidTraction;
		value	nonuniform List<vector>
10
(
(0.016333541600585477 0.04241851052383973 0.0) 
(0.022742527801982507 0.049155259617758094 0.0) 
(0.030570098764306015 0.051137590566883336 0.0) 
(0.03849035228550095 0.05310739127704509 0.0) 
(0.04628558306916974 0.05467659193420287 0.0) 
(0.054044706631292544 0.05466571268592795 0.0) 
(0.06188949786232734 0.053093953396940535 0.0) 
(0.069851965397269 0.051093149692883484 0.0) 
(0.07780638747061575 0.04872541971730193 0.0) 
(0.08486183291767704 0.04163823241153126 0.0) 
)
;
	}
	top
	{
		type	solidTraction;
		value	nonuniform List<vector>
10
(
(0.01622555545193794 -0.04257062896591383 0.0) 
(0.02272086938545821 -0.04910444955784136 0.0) 
(0.03055968486399427 -0.05099780646596797 0.0) 
(0.03844571506080548 -0.05293830496703273 0.0) 
(0.04620065654126608 -0.054510013799880325 0.0) 
(0.05389904879576065 -0.054510753784346444 0.0) 
(0.06165360523270685 -0.05293702126537904 0.0) 
(0.06954879848270168 -0.05097519158910809 0.0) 
(0.07735284567248299 -0.0490138854788064 0.0) 
(0.08373216636196944 -0.04233206133639812 0.0) 
)
;
	}
	left
	{
		type	fixedValue;
		value	uniform (0.0 0.0 0.0);
	}
	right
	{
		type	fixedValue;
		value	uniform (0.1 0.0 0.0);
	}
	frontAndBackPlanes
	{
		type	empty;
	}
}
