/*
 _____     _____     _____ _____ _____ _____    |  High-order Python FOAM
|  |  |___|  _  |_ _|   __|     |  _  |     |   |  Python Version: 3.10
|     | . |   __| | |   __|  |  |     | | | |   |  Code Version: 0.0
|__|__|___|__|  |_  |__|  |_____|__|__|_|_|_|   |  License: GPLv3
                |___|
*/
FoamFile
{
    version     2.0;
    format      ascii;
    class       volVectorField;
    location    "50.0";
    object     U;
}

dimensions      [0 1 0 0 0 0 0]; 

internalField   nonuniform List<vector>
100
(
(0.01637323747085494 0.034604412619619405 0.0) 
(0.020682020646231807 0.0469227655393149 0.0) 
(0.028540113946519948 0.0474403414842991 0.0) 
(0.03732474964503414 0.04959562670464006 0.0) 
(0.045907838626626556 0.0509987340891807 0.0) 
(0.054368928840223596 0.05098955828220191 0.0) 
(0.06297205664657217 0.04955684543091713 0.0) 
(0.07182397737668406 0.04738810486727748 0.0) 
(0.07953427782647457 0.046492954062630466 0.0) 
(0.08459355134844042 0.03411489508377085 0.0) 
(0.015079276158715241 0.022641455287827603 0.0) 
(0.015295209837153398 0.03593461478687236 0.0) 
(0.02468464565536634 0.04017925113665389 0.0) 
(0.03498213781366234 0.04190832119139336 0.0) 
(0.04512551362240968 0.04283749014542461 0.0) 
(0.05515249406677117 0.04281540282846769 0.0) 
(0.06531259259926586 0.04183191417885303 0.0) 
(0.0756154691835435 0.040001197212580206 0.0) 
(0.0850013047349554 0.03560010714875735 0.0) 
(0.08500794721432367 0.022518912267347226 0.0) 
(0.011193319640672252 0.0126508922220169 0.0) 
(0.011436244885526886 0.02424940446492168 0.0) 
(0.021096190975867322 0.02877600928556065 0.0) 
(0.03280765467849321 0.0306767387404803 0.0) 
(0.044391788121594535 0.031386292300166874 0.0) 
(0.05583044591217784 0.03135730565320904 0.0) 
(0.06740657261811595 0.03058437964221019 0.0) 
(0.07908318810019763 0.028611021684771226 0.0) 
(0.08865391891936311 0.02407896607168987 0.0) 
(0.08888575421866124 0.012606120886138118 0.0) 
(0.01125941384762751 0.0070330850514001165 0.0) 
(0.009046857595981377 0.013838459452478155 0.0) 
(0.01876863157185548 0.017243099898397306 0.0) 
(0.031186666028643915 0.018707972153099203 0.0) 
(0.043816289357132956 0.0192273737985292 0.0) 
(0.056337356135129746 0.01920277423161029 0.0) 
(0.06894724182559477 0.018635530666368607 0.0) 
(0.08131884314230174 0.0171396935706061 0.0) 
(0.09099011818814641 0.013746990774884966 0.0) 
(0.08869241302424595 0.007013568552193707 0.0) 
(0.011404071322046377 0.0022481198479592764 0.0) 
(0.008248922045127897 0.004542467648311955 0.0) 
(0.01767586083094101 0.005728751184739344 0.0) 
(0.030370669118487376 0.00628567078848244 0.0) 
(0.04350542687983364 0.00647668880535738 0.0) 
(0.056594493641106 0.006461570916960255 0.0) 
(0.06970875725298688 0.006243838756636556 0.0) 
(0.08236866453863932 0.005671995298138962 0.0) 
(0.09176387379584466 0.004495951257633993 0.0) 
(0.08860582792997436 0.0022286535347883743 0.0) 
(0.011435469629295977 -0.002201604161448351 0.0) 
(0.008250686407778193 -0.004530919758488203 0.0) 
(0.01767821983346741 -0.005739467803365391 0.0) 
(0.030369172409482312 -0.006304026593518427 0.0) 
(0.043496164796149143 -0.006505524756806632 0.0) 
(0.05657702831489913 -0.0065110461445053594 0.0) 
(0.06968634344068496 -0.00631938702029168 0.0) 
(0.08234785623355029 -0.005761977069623992 0.0) 
(0.09175477280519027 -0.004560406226755575 0.0) 
(0.08857267628947905 -0.0022249110003253634 0.0) 
(0.011294374892459715 -0.006990267167282079 0.0) 
(0.009062265937651031 -0.01383528919472425 0.0) 
(0.018781734031042396 -0.01724869594688882 0.0) 
(0.031183435042505994 -0.018710748250479418 0.0) 
(0.04378893488781477 -0.019238899329633182 0.0) 
(0.056284152991075684 -0.019236842171005072 0.0) 
(0.06887540748435528 -0.018704876922841347 0.0) 
(0.08125131565315688 -0.017239892488888756 0.0) 
(0.09094368731325661 -0.013839860995996715 0.0) 
(0.08867914936818713 -0.007021293763752813 0.0) 
(0.01132298667937221 -0.012638210859672473 0.0) 
(0.011508194153088002 -0.02426545292678656 0.0) 
(0.02112473718015865 -0.02875463922857932 0.0) 
(0.03280428016096954 -0.030646816604420545 0.0) 
(0.044348688470405934 -0.03136222908092501 0.0) 
(0.055741718216094936 -0.03135548395777534 0.0) 
(0.06727925149620202 -0.03062817174144703 0.0) 
(0.07894302368730725 -0.028725466820079797 0.0) 
(0.0885654195304785 -0.02422041093251697 0.0) 
(0.0887065999783332 -0.012652851990643588 0.0) 
(0.015536261090550748 -0.022726989465603094 0.0) 
(0.015370393457239477 -0.03590846953333953 0.0) 
(0.024718052780361655 -0.04011512002101718 0.0) 
(0.03497130527774305 -0.04182920947540108 0.0) 
(0.04506526924871021 -0.04275989608082655 0.0) 
(0.05503794422518255 -0.04275745534204762 0.0) 
(0.06513766842946864 -0.04181423592933517 0.0) 
(0.07540265474083112 -0.04008166582707857 0.0) 
(0.08474481977921902 -0.0358647034068867 0.0) 
(0.08494100999840323 -0.02263906822291605 0.0) 
(0.016370744170129112 -0.03473096811522584 0.0) 
(0.020753035328538713 -0.0468511449422254 0.0) 
(0.02854112250820358 -0.047344715560655365 0.0) 
(0.03730003274276187 -0.049470444196298285 0.0) 
(0.04584308693540927 -0.05087853704602987 0.0) 
(0.054252113080027 -0.05087719422001577 0.0) 
(0.06279891379458043 -0.0494675317429435 0.0) 
(0.07155836392798733 -0.04731893576944041 0.0) 
(0.07939098073763805 -0.04681278655142412 0.0) 
(0.08366379909349266 -0.03456176245564258 0.0) 
)
;

boundaryField
{
	bottom
	{
		type	solidTraction;
		value	nonuniform List<vector>
10
(
(0.017946180073776186 0.04061478445092008 0.0) 
(0.023588036796305476 0.049318943872306294 0.0) 
(0.030634264102913405 0.05175565960211455 0.0) 
(0.038452282069205375 0.053336811919563146 0.0) 
(0.046275544839451024 0.05477667722221162 0.0) 
(0.05400580809677116 0.05477201341657373 0.0) 
(0.06185888712388349 0.05332322075913381 0.0) 
(0.06970740485382908 0.05166703975699524 0.0) 
(0.0769213607448508 0.048907666572692104 0.0) 
(0.08315301693888373 0.040019892752386765 0.0) 
)
;
	}
	top
	{
		type	solidTraction;
		value	nonuniform List<vector>
10
(
(0.017869935611338574 -0.04073354332893755 0.0) 
(0.02357642131576072 -0.04927709936231475 0.0) 
(0.030630352730789793 -0.05164178217495335 0.0) 
(0.0384173072553525 -0.05319682036826098 0.0) 
(0.04620531919248614 -0.05463438549266651 0.0) 
(0.05388658141036076 -0.05463444563161408 0.0) 
(0.061675854050692376 -0.053194304899604604 0.0) 
(0.06947136883134163 -0.0516209794530416 0.0) 
(0.07649571265889042 -0.049204472888184116 0.0) 
(0.08210744651009103 -0.04055194679082205 0.0) 
)
;
	}
	left
	{
		type	fixedValue;
		value	uniform (0.0 0.0 0.0);
	}
	right
	{
		type	fixedValue;
		value	uniform (0.1 0.0 0.0);
	}
	frontAndBackPlanes
	{
		type	empty;
	}
}
