/*
 _____     _____     _____ _____ _____ _____    |  High-order Python FOAM
|  |  |___|  _  |_ _|   __|     |  _  |     |   |  Python Version: 3.10
|     | . |   __| | |   __|  |  |     | | | |   |  Code Version: 0.0
|__|__|___|__|  |_  |__|  |_____|__|__|_|_|_|   |  License: GPLv3
                |___|
*/
FoamFile
{
    version     2.0;
    format      ascii;
    class       volVectorField;
    location    "98.0";
    object     U;
}

dimensions      [0 1 0 0 0 0 0]; 

internalField   nonuniform List<vector>
100
(
(0.01505926673276351 0.0368278881021784 0.0) 
(0.02003965562363066 0.046234397111502734 0.0) 
(0.028630528520262506 0.04686434095762488 0.0) 
(0.03739491379794281 0.04942415190847381 0.0) 
(0.04591300078815997 0.0508762559069944 0.0) 
(0.054414861945483575 0.05085935035695232 0.0) 
(0.06296727295983139 0.04937049977775628 0.0) 
(0.07184376415844823 0.046857639393326746 0.0) 
(0.08017327615694174 0.04582539592162852 0.0) 
(0.08602351703287195 0.036133584943300844 0.0) 
(0.016302069753793173 0.024595271541820514 0.0) 
(0.014888390947158813 0.03609267947431843 0.0) 
(0.024786370153489154 0.03985560763338082 0.0) 
(0.03516326228476751 0.041714619327853655 0.0) 
(0.04519458695481186 0.04275130065435829 0.0) 
(0.055131913294598864 0.042725830599769456 0.0) 
(0.065185669153462 0.041634656455525706 0.0) 
(0.07556737467730056 0.03967435334228661 0.0) 
(0.08547132783532958 0.035695458254696465 0.0) 
(0.08384084604825874 0.02444227218862332 0.0) 
(0.011792486858268163 0.01322882670517669 0.0) 
(0.011033445471309893 0.024432386108175507 0.0) 
(0.021294155186682286 0.028470169782300037 0.0) 
(0.03310884010770877 0.0303138353509328 0.0) 
(0.04450526770403294 0.031068338545633633 0.0) 
(0.05575416421189951 0.031037503344626047 0.0) 
(0.06714469168918265 0.03021546651444819 0.0) 
(0.07892585673806854 0.028284261264889157 0.0) 
(0.0890780922040381 0.02422811749556014 0.0) 
(0.0883079509814566 0.013168180829216128 0.0) 
(0.011772361508333003 0.0073717968375004725 0.0) 
(0.008341325308455322 0.013898681374492523 0.0) 
(0.018938706284617093 0.01708479764085552 0.0) 
(0.03154925597159365 0.018462503332360238 0.0) 
(0.04396055901031403 0.018982474080412825 0.0) 
(0.05622037294667996 0.018956538592759916 0.0) 
(0.0686109378353779 0.01838426345794172 0.0) 
(0.08116807054514762 0.016969077753140136 0.0) 
(0.09170379643343948 0.013792359265615594 0.0) 
(0.08819049197992279 0.00735275432862796 0.0) 
(0.01190285224795516 0.002353477615178352 0.0) 
(0.0074440529326852 0.004573528589539325 0.0) 
(0.01779904544935913 0.005685186252879467 0.0) 
(0.0307477768916598 0.006212318113059577 0.0) 
(0.043660675380969315 0.00639808537124149 0.0) 
(0.05645933993354343 0.0063826669104397145 0.0) 
(0.06934860248596471 0.006169255011795475 0.0) 
(0.08225519587678373 0.005625715792124142 0.0) 
(0.09256996778452062 0.004524633143120704 0.0) 
(0.0881158845417629 0.002334734686685639 0.0) 
(0.011937251685999286 -0.0022916297473037626 0.0) 
(0.007444004882053488 -0.004558613717720668 0.0) 
(0.0178014181068904 -0.0056971853945897285 0.0) 
(0.030746548638479792 -0.006231755214853181 0.0) 
(0.043650359205216774 -0.0064269163299437255 0.0) 
(0.05643925626702084 -0.0064312766651395134 0.0) 
(0.06932232929149898 -0.006243529518531079 0.0) 
(0.08223072835462092 -0.0057142570394781815 0.0) 
(0.09255994223505512 -0.0045837306859700284 0.0) 
(0.08807743710478931 -0.0023149240525904267 0.0) 
(0.011813170286473468 -0.0073131980051228266 0.0) 
(0.008351511794254165 -0.01389257222015201 0.0) 
(0.018953438195918146 -0.01709126316613799 0.0) 
(0.031546900559006406 -0.018463935511080342 0.0) 
(0.043929714153478155 -0.01899155311293239 0.0) 
(0.056159102412631876 -0.01898747240065779 0.0) 
(0.0685262513798777 -0.018451007318996897 0.0) 
(0.08108750100697472 -0.01706987426126641 0.0) 
(0.09165206806937566 -0.01388635587047254 0.0) 
(0.08816558583484486 -0.007348626303029734 0.0) 
(0.011934314436197179 -0.013203317621622773 0.0) 
(0.01110583648525621 -0.024448901500083192 0.0) 
(0.021325858548754222 -0.028442259638326164 0.0) 
(0.033105973974599585 -0.030275489266933547 0.0) 
(0.044455296224850956 -0.03103592027186473 0.0) 
(0.05565105404923126 -0.031027547286900558 0.0) 
(0.06699447300581868 -0.030250200510791032 0.0) 
(0.07875497144316854 -0.02839920769684504 0.0) 
(0.08897334412111121 -0.024383111593182294 0.0) 
(0.08810873096862828 -0.013224181874579652 0.0) 
(0.0168367655253396 -0.024718137783283148 0.0) 
(0.014956758392951096 -0.03605351071823418 0.0) 
(0.024822185223159984 -0.03977087147083619 0.0) 
(0.03514936381376057 -0.04161356780164388 0.0) 
(0.045121925712972556 -0.04265462543912831 0.0) 
(0.054995379578677624 -0.042651955500242145 0.0) 
(0.06497493049463908 -0.04159649270029156 0.0) 
(0.07531081426191398 -0.03972950226263358 0.0) 
(0.08516036502413792 -0.03599631897526973 0.0) 
(0.08372680371711419 -0.024584895730804485 0.0) 
(0.0150326725516229 -0.036995320724565364 0.0) 
(0.020117097652607868 -0.046140935849628736 0.0) 
(0.028624212163062192 -0.04674226119191241 0.0) 
(0.037362637296008645 -0.04926743961805235 0.0) 
(0.045833236765431 -0.05073010702282256 0.0) 
(0.054272857117832946 -0.0507290043464167 0.0) 
(0.06274635321932655 -0.049265415313423294 0.0) 
(0.07148190060509074 -0.04671237631108996 0.0) 
(0.08004409055647613 -0.046095049447159 0.0) 
(0.08498998651355988 -0.03676176989691542 0.0) 
)
;

boundaryField
{
	bottom
	{
		type	solidTraction;
		value	nonuniform List<vector>
10
(
(0.01606706435195901 0.04268084921922216 0.0) 
(0.022622124183633564 0.0491504043571653 0.0) 
(0.03054915040149448 0.05108410248147596 0.0) 
(0.03847251832232834 0.053078684922760085 0.0) 
(0.046276163116711864 0.05463423967599545 0.0) 
(0.054061365696265254 0.05462178894581656 0.0) 
(0.06191831131060297 0.053063575081891044 0.0) 
(0.06988735548096675 0.05104641088068034 0.0) 
(0.07793282417306463 0.04871903547381898 0.0) 
(0.08514112809173564 0.041869217754576075 0.0) 
)
;
	}
	top
	{
		type	solidTraction;
		value	nonuniform List<vector>
10
(
(0.015952704907999177 -0.042839223071060334 0.0) 
(0.02259886650199432 -0.04909825506452137 0.0) 
(0.030537794099425187 -0.050940326846012636 0.0) 
(0.038426187087423035 -0.052904913530367415 0.0) 
(0.04618882199339538 -0.05446330474453046 0.0) 
(0.053912008623012285 -0.054464037558066974 0.0) 
(0.061674123175323434 -0.05290368391944552 0.0) 
(0.06957186887162736 -0.05091748935340084 0.0) 
(0.07747485742606673 -0.049004769967467186 0.0) 
(0.08400030134221988 -0.0425900898630664 0.0) 
)
;
	}
	left
	{
		type	fixedValue;
		value	uniform (0.0 0.0 0.0);
	}
	right
	{
		type	fixedValue;
		value	uniform (0.1 0.0 0.0);
	}
	frontAndBackPlanes
	{
		type	empty;
	}
}
