/*
 _____     _____     _____ _____ _____ _____    |  High-order Python FOAM
|  |  |___|  _  |_ _|   __|     |  _  |     |   |  Python Version: 3.10
|     | . |   __| | |   __|  |  |     | | | |   |  Code Version: 0.0
|__|__|___|__|  |_  |__|  |_____|__|__|_|_|_|   |  License: GPLv3
                |___|
*/
FoamFile
{
    version     2.0;
    format      ascii;
    class       volVectorField;
    location    "10.0";
    object     U;
}

dimensions      [0 1 0 0 0 0 0]; 

internalField   nonuniform List<vector>
100
(
(0.01991680493050049 0.022101804245028892 0.0) 
(0.0280220654064137 0.048771037807993155 0.0) 
(0.03218315024407226 0.06023994196254623 0.0) 
(0.0386556188150432 0.06588652753959964 0.0) 
(0.046082659385004734 0.06796872425564321 0.0) 
(0.05401646280431021 0.06793022786229515 0.0) 
(0.061455762696669726 0.06576196624995073 0.0) 
(0.06796785045279922 0.06003018920623804 0.0) 
(0.07216882376986819 0.04845526575602024 0.0) 
(0.08058615985857424 0.02204787662741863 0.0) 
(0.009973916317142818 0.016609117201876626 0.0) 
(0.015129597200472843 0.03519202657407353 0.0) 
(0.023816940146942682 0.046685454998604985 0.0) 
(0.033713488691534246 0.052031721102736884 0.0) 
(0.044537752963508336 0.054139804897169595 0.0) 
(0.055616048582032125 0.054102697727824875 0.0) 
(0.0664445094598391 0.05192183022293069 0.0) 
(0.07633651304209488 0.04651512495385633 0.0) 
(0.08499179132512563 0.03502210097191702 0.0) 
(0.09000691557955409 0.016559691307125438 0.0) 
(0.008184824646881856 0.0102294120113464 0.0) 
(0.010593405155281338 0.02357466366013446 0.0) 
(0.018675919829116556 0.03211223708492825 0.0) 
(0.030163791284014838 0.03685199745684131 0.0) 
(0.0432651388555294 0.03878524856717358 0.0) 
(0.0568526560173833 0.038754623214179676 0.0) 
(0.06993781177447747 0.036767407129945744 0.0) 
(0.08139403437356973 0.03199868693480859 0.0) 
(0.08943475606983475 0.023484646154208234 0.0) 
(0.09184167258215495 0.010211719870664228 0.0) 
(0.007674751211204119 0.005753561758230604 0.0) 
(0.008593732768046612 0.013447901633720316 0.0) 
(0.016244276752710504 0.018733656419585944 0.0) 
(0.028191959037814806 0.02187931545945363 0.0) 
(0.04251643899079339 0.023263319991912095 0.0) 
(0.057556846743874956 0.02324187863134478 0.0) 
(0.07186477862517163 0.02182208144167541 0.0) 
(0.08378453096023782 0.01866265372113231 0.0) 
(0.09141238301627451 0.013392899799278912 0.0) 
(0.09228133048305442 0.005737662228899574 0.0) 
(0.007621231170779443 0.001835708655649469 0.0) 
(0.007907475567821991 0.004380752359596414 0.0) 
(0.015282229673538334 0.006149697752931937 0.0) 
(0.02738462273612801 0.007243618096974735 0.0) 
(0.04219120587563646 0.007736627533188358 0.0) 
(0.05784934022293603 0.007722797500565823 0.0) 
(0.07264368076878298 0.00720699457804133 0.0) 
(0.08472825903059024 0.006103448938452233 0.0) 
(0.09209011208565465 0.004343705315831112 0.0) 
(0.09237190882028615 0.001819168300397529 0.0) 
(0.007637609088338956 -0.0018061485131343035 0.0) 
(0.007911158797571786 -0.004363874740187693 0.0) 
(0.015284379406073856 -0.006141815029300775 0.0) 
(0.02738302226404545 -0.007242552121009412 0.0) 
(0.04218559704635963 -0.0077494266177756555 0.0) 
(0.057841034890299604 -0.007757360665901674 0.0) 
(0.07263437088355353 -0.007264283246337492 0.0) 
(0.08471996073117465 -0.006171696401028359 0.0) 
(0.09208687104703864 -0.004395543593174111 0.0) 
(0.09235749833163152 -0.001824711989252558 0.0) 
(0.007696482051156638 -0.005728317960160119 0.0) 
(0.008612711152362671 -0.013440217492144321 0.0) 
(0.01625456756861971 -0.018722799268797736 0.0) 
(0.02818786571246908 -0.02186819378730094 0.0) 
(0.04250053408860175 -0.023266697739790846 0.0) 
(0.05753273812156511 -0.0232692640145206 0.0) 
(0.07183646856043992 -0.021876618100917337 0.0) 
(0.08375809818444703 -0.018736013927366776 0.0) 
(0.0913906114670875 -0.013460390084265247 0.0) 
(0.09228331490395192 -0.005748687915107605 0.0) 
(0.008270957999085594 -0.010220840560712915 0.0) 
(0.010653211934386099 -0.023582878814047498 0.0) 
(0.018695197393670426 -0.03208337245610172 0.0) 
(0.03015963833638529 -0.03682284636971266 0.0) 
(0.043246061599708875 -0.03877156774306155 0.0) 
(0.05681467487849097 -0.03876609802297699 0.0) 
(0.06988930790681787 -0.03681685888223111 0.0) 
(0.08134409302374278 -0.03208056033060456 0.0) 
(0.08939507136385993 -0.02357763319100406 0.0) 
(0.09173526442602978 -0.010230060373917113 0.0) 
(0.010241258313031828 -0.016624485632825807 0.0) 
(0.015193064466925147 -0.03516753826212298 0.0) 
(0.02383983120502071 -0.046637843762234094 0.0) 
(0.03370993245790588 -0.051979740167093905 0.0) 
(0.04450970052432106 -0.05409670621407794 0.0) 
(0.05557263377631435 -0.0540931688318726 0.0) 
(0.06638141577111828 -0.05196152696039263 0.0) 
(0.07625533283238144 -0.04661806581337101 0.0) 
(0.08488910271373512 -0.03515782381013825 0.0) 
(0.09001461994957666 -0.01660819557922171 0.0) 
(0.019934655819698364 -0.022132547367912415 0.0) 
(0.028075255991150908 -0.048704143215565376 0.0) 
(0.03219851112048471 -0.06017034004714547 0.0) 
(0.03865610550234961 -0.06580620822605984 0.0) 
(0.04607363817173318 -0.0679008853124796 0.0) 
(0.05399614343122557 -0.06789380779462045 0.0) 
(0.06141639846575893 -0.06578414069135335 0.0) 
(0.06787983091309474 -0.06012612123455612 0.0) 
(0.07202826514790807 -0.04868810899364801 0.0) 
(0.08010064120573397 -0.022096660468692575 0.0) 
)
;

boundaryField
{
	bottom
	{
		type	solidTraction;
		value	nonuniform List<vector>
10
(
(0.025051211863112866 0.02736345002684584 0.0) 
(0.03260675581159609 0.051139599722747266 0.0) 
(0.03697121357999606 0.06637482939304866 0.0) 
(0.04134417031147505 0.07273868449721509 0.0) 
(0.04697760209711369 0.0751647562944899 0.0) 
(0.05309712534666899 0.07512182838260885 0.0) 
(0.058751957590231885 0.07260241055315451 0.0) 
(0.06318345249361304 0.06613141454020764 0.0) 
(0.06772416500852901 0.05086695100653288 0.0) 
(0.0755601090388 0.027266048661950412 0.0) 
)
;
	}
	top
	{
		type	solidTraction;
		value	nonuniform List<vector>
10
(
(0.025027561739091476 -0.027380882957409404 0.0) 
(0.032615390414775326 -0.05108116181106606 0.0) 
(0.036987421826753526 -0.0662901341548685 0.0) 
(0.04134817566799692 -0.07264901308416193 0.0) 
(0.04697671079662553 -0.07508745487955677 0.0) 
(0.05308663523878752 -0.07507871740045398 0.0) 
(0.05871662962596946 -0.07262126838310552 0.0) 
(0.06308922731417982 -0.06624613818965489 0.0) 
(0.0674503014652913 -0.05104891774848969 0.0) 
(0.07498267704762888 -0.027342967043338336 0.0) 
)
;
	}
	left
	{
		type	fixedValue;
		value	uniform (0.0 0.0 0.0);
	}
	right
	{
		type	fixedValue;
		value	uniform (0.1 0.0 0.0);
	}
	frontAndBackPlanes
	{
		type	empty;
	}
}
