/*
 _____     _____     _____ _____ _____ _____    |  High-order Python FOAM
|  |  |___|  _  |_ _|   __|     |  _  |     |   |  Python Version: 3.10
|     | . |   __| | |   __|  |  |     | | | |   |  Code Version: 0.0
|__|__|___|__|  |_  |__|  |_____|__|__|_|_|_|   |  License: GPLv3
                |___|
*/
FoamFile
{
    version     2.0;
    format      ascii;
    class       volVectorField;
    location    "19.0";
    object     U;
}

dimensions      [0 1 0 0 0 0 0]; 

internalField   nonuniform List<vector>
100
(
(0.017482776178014324 0.02758633236384649 0.0) 
(0.021924844571774658 0.04613031404466288 0.0) 
(0.027224743779741142 0.04752449544312606 0.0) 
(0.03556417414575969 0.047008601885957305 0.0) 
(0.04510435969343689 0.04616833561454007 0.0) 
(0.055072491394261555 0.04617401275263438 0.0) 
(0.06461164680260133 0.04699780657681488 0.0) 
(0.07297313391032884 0.047449697918860015 0.0) 
(0.07825875806805253 0.04581737966860192 0.0) 
(0.08315098025425406 0.027423803904221104 0.0) 
(0.011993011055233328 0.018422961323512135 0.0) 
(0.015139698534836422 0.03336373909140866 0.0) 
(0.023927286583062972 0.03863185059064621 0.0) 
(0.03405655933587594 0.03938365084327422 0.0) 
(0.04471845527992742 0.039197871635188064 0.0) 
(0.05545412192136513 0.039185298929638845 0.0) 
(0.06612761114188319 0.03933242733724063 0.0) 
(0.07626476828553744 0.038509050724364516 0.0) 
(0.08503509399936711 0.03317943094424788 0.0) 
(0.08802180292263753 0.018359305168681398 0.0) 
(0.009710572743049756 0.010820568044457066 0.0) 
(0.011771340782913904 0.022260924936580884 0.0) 
(0.020575411389220227 0.027399363891478415 0.0) 
(0.03196468489064631 0.02918132799365761 0.0) 
(0.044002751482583216 0.029520456776332665 0.0) 
(0.056136246287460154 0.029500873519710934 0.0) 
(0.0681635318066662 0.02912037721645542 0.0) 
(0.07952358695341276 0.027300473640893403 0.0) 
(0.08827764774417139 0.02216977886297775 0.0) 
(0.09033627758498496 0.010801050358751178 0.0) 
(0.009802352982645465 0.006013125111918836 0.0) 
(0.010128907132684122 0.012719627245882704 0.0) 
(0.018696494015121225 0.016348876200839753 0.0) 
(0.030508877298928306 0.017920782315244573 0.0) 
(0.043461880802412686 0.01839380893877776 0.0) 
(0.05662937877838824 0.018377164729855296 0.0) 
(0.0695664537670034 0.017873859675771247 0.0) 
(0.08134822837237816 0.016286142801326283 0.0) 
(0.08988813746025826 0.012668437170670436 0.0) 
(0.09015481061229179 0.006000534748762919 0.0) 
(0.009988293215523145 0.001917184205733475 0.0) 
(0.009611613075646723 0.004158316466877883 0.0) 
(0.017895303916251864 0.00542178933819131 0.0) 
(0.029839337550260553 0.006030330478031794 0.0) 
(0.0431925974340485 0.006233000647805616 0.0) 
(0.056861893499131975 0.006222051066616431 0.0) 
(0.07020153145649015 0.0060007632403180034 0.0) 
(0.08212453546494218 0.005383299410557202 0.0) 
(0.09039219152899702 0.004127972892943024 0.0) 
(0.09001418385845052 0.001904189511386444 0.0) 
(0.01000980166190509 -0.0018957121820405364 0.0) 
(0.009614513226233419 -0.0041627653785490095 0.0) 
(0.017897307212680257 -0.005445169892651818 0.0) 
(0.02983791538801831 -0.006062922838619629 0.0) 
(0.04318634153839318 -0.006276416987047384 0.0) 
(0.05685138716016023 -0.006282097542773298 0.0) 
(0.07018886613216686 -0.006078471053324729 0.0) 
(0.08211294748727314 -0.0054668929120677 0.0) 
(0.09038700436741157 -0.0041878862644867555 0.0) 
(0.08999265098413801 -0.0019122881788972178 0.0) 
(0.009824268900885976 -0.0059953742782151475 0.0) 
(0.010145551666072904 -0.01273192583155443 0.0) 
(0.018706365597590847 -0.016369615835241352 0.0) 
(0.03050526132716764 -0.017944002652478853 0.0) 
(0.04344373296494564 -0.01842710747272891 0.0) 
(0.05659755796303579 -0.018428575169514825 0.0) 
(0.06952658595742098 -0.01794840722254193 0.0) 
(0.08131117262213126 -0.01637557241734015 0.0) 
(0.08985918105842987 -0.012745275357866029 0.0) 
(0.09015292193568811 -0.0060150832039766525 0.0) 
(0.009802766490586234 -0.010822862213736947 0.0) 
(0.01182964854677768 -0.022288417386899698 0.0) 
(0.020595937539728777 -0.02740515473481814 0.0) 
(0.03196139364322382 -0.029186964953150638 0.0) 
(0.04397500336399217 -0.02953285617877831 0.0) 
(0.05608415800324612 -0.029531853645136524 0.0) 
(0.06809258848656652 -0.02918413116914117 0.0) 
(0.0794488394700598 -0.02740073452716733 0.0) 
(0.08822529189852109 -0.022274686759297137 0.0) 
(0.09021051961955276 -0.01082992454165905 0.0) 
(0.012293731539821759 -0.018466320736505896 0.0) 
(0.015205053472967132 -0.03336785111152606 0.0) 
(0.02395486157708292 -0.038621782234977545 0.0) 
(0.03405364045325454 -0.0393644481660437 0.0) 
(0.044685849690727905 -0.03917729405860438 0.0) 
(0.05538922145613536 -0.039180577652478614 0.0) 
(0.0660298456055689 -0.03936695198282296 0.0) 
(0.07614288818066622 -0.03861557606039218 0.0) 
(0.084886801879951 -0.0333549130141804 0.0) 
(0.08801365981173907 -0.018432565311970895 0.0) 
(0.017504698557618444 -0.027653336544480687 0.0) 
(0.021989989223145844 -0.04611173614704511 0.0) 
(0.027238626338368058 -0.04750442746929456 0.0) 
(0.03555349340208938 -0.046965423325345944 0.0) 
(0.04506988808249829 -0.0461157292181242 0.0) 
(0.055014669706203244 -0.04612653342490671 0.0) 
(0.06452897488327002 -0.04698917924702458 0.0) 
(0.07283841126575966 -0.04750862002910926 0.0) 
(0.07810874536044135 -0.04609901553708376 0.0) 
(0.08252370836504028 -0.027577387424007577 0.0) 
)
;

boundaryField
{
	bottom
	{
		type	solidTraction;
		value	nonuniform List<vector>
10
(
(0.020252759936893204 0.03334863355326163 0.0) 
(0.02496873032291349 0.04738889851648227 0.0) 
(0.02958382857285685 0.051707343254597395 0.0) 
(0.036588186912292 0.050690336936684996 0.0) 
(0.04539990546994652 0.04968190757252996 0.0) 
(0.05477845224433799 0.049690095717088316 0.0) 
(0.06358995990520992 0.05068775022273041 0.0) 
(0.07061192965538501 0.05160634996499714 0.0) 
(0.07539571837443304 0.047127986825487474 0.0) 
(0.08049051036868725 0.03312924177198373 0.0) 
)
;
	}
	top
	{
		type	solidTraction;
		value	nonuniform List<vector>
10
(
(0.02023167645221301 -0.033411035067258926 0.0) 
(0.024983555074441777 -0.047384918314440735 0.0) 
(0.029596922640637353 -0.05167676026063054 0.0) 
(0.03657383108602267 -0.0506386704550352 0.0) 
(0.0453646977682416 -0.04961609711550204 0.0) 
(0.054723674312968915 -0.049628921438757884 0.0) 
(0.06350726575722204 -0.050664944646295014 0.0) 
(0.07047872151415235 -0.05168701127985645 0.0) 
(0.0750678256481487 -0.047359673726127455 0.0) 
(0.07975889716680236 -0.03333044057609097 0.0) 
)
;
	}
	left
	{
		type	fixedValue;
		value	uniform (0.0 0.0 0.0);
	}
	right
	{
		type	fixedValue;
		value	uniform (0.1 0.0 0.0);
	}
	frontAndBackPlanes
	{
		type	empty;
	}
}
