/*
 _____     _____     _____ _____ _____ _____    |  High-order Python FOAM
|  |  |___|  _  |_ _|   __|     |  _  |     |   |  Python Version: 3.10
|     | . |   __| | |   __|  |  |     | | | |   |  Code Version: 0.0
|__|__|___|__|  |_  |__|  |_____|__|__|_|_|_|   |  License: GPLv3
                |___|
*/
FoamFile
{
    version     2.0;
    format      ascii;
    class       volVectorField;
    location    "74.0";
    object     U;
}

dimensions      [0 1 0 0 0 0 0]; 

internalField   nonuniform List<vector>
100
(
(0.01551924352377923 0.0361311191621578 0.0) 
(0.020211538393183744 0.046427790566563654 0.0) 
(0.028623192411303098 0.04698220564096051 0.0) 
(0.03740348809721476 0.049472605512225924 0.0) 
(0.04592699947205835 0.050963298015101105 0.0) 
(0.054384535952521636 0.050949594934093734 0.0) 
(0.06293751201658794 0.04942660755449403 0.0) 
(0.07181170512691654 0.0469613856296903 0.0) 
(0.08000270680565442 0.04600716088323231 0.0) 
(0.08552802144428888 0.035508460446237886 0.0) 
(0.015893763842007892 0.023898646581390504 0.0) 
(0.015054234813011332 0.03605095860697169 0.0) 
(0.024753746467992468 0.03994559624930828 0.0) 
(0.03510441610536312 0.041777726767058855 0.0) 
(0.04517306619433245 0.042804137130596005 0.0) 
(0.05513723355126065 0.04278027134408689 0.0) 
(0.06522646509171014 0.04169981276016247 0.0) 
(0.07558234357691886 0.03976532030265267 0.0) 
(0.08528444644225676 0.035675032267621226 0.0) 
(0.08422884717577916 0.023757161604583417 0.0) 
(0.011590461869017398 0.013039666287716334 0.0) 
(0.011180194173143063 0.02437564515435052 0.0) 
(0.02121983401042703 0.028569841985862043 0.0) 
(0.033003740005328595 0.030431631490653296 0.0) 
(0.044467793738632515 0.03118074770117823 0.0) 
(0.05577887845023694 0.03115068413132573 0.0) 
(0.06723667748915815 0.03033538536015064 0.0) 
(0.07898676437735261 0.02839086065097194 0.0) 
(0.0889247214650808 0.02418285413910835 0.0) 
(0.0885019342125253 0.012985104574353206 0.0) 
(0.01160958083114734 0.007254248836998871 0.0) 
(0.008587140202771997 0.01388095364052906 0.0) 
(0.018861459794621054 0.017134206896445604 0.0) 
(0.03141925146745738 0.01853897179549344 0.0) 
(0.04391261598437776 0.019061250870220356 0.0) 
(0.05625873929871964 0.019035786327091946 0.0) 
(0.0687319285273938 0.018462658166788277 0.0) 
(0.08123909813433071 0.01702248911526763 0.0) 
(0.09145605937332071 0.013779455277639007 0.0) 
(0.08834862353712739 0.007234670514387283 0.0) 
(0.011742814757205199 0.002317052587360591 0.0) 
(0.0077202513135896265 0.0045627895680349535 0.0) 
(0.01773236514523487 0.005697911306376613 0.0) 
(0.030610169490206507 0.00623394673476169 0.0) 
(0.04360877769735669 0.006421948727581873 0.0) 
(0.05650400855757831 0.006406654602390316 0.0) 
(0.06948020842491794 0.006191299489228188 0.0) 
(0.08231878117409633 0.005639242798730542 0.0) 
(0.09229419511218331 0.004514444950358582 0.0) 
(0.08827259467842961 0.0022976137820646496 0.0) 
(0.01177622417894775 -0.002260819059106144 0.0) 
(0.007720891921435603 -0.00454871555388938 0.0) 
(0.01773467692315007 -0.005709026149266338 0.0) 
(0.030608798397205535 -0.00625258038506877 0.0) 
(0.04359882641786566 -0.00645028492699081 0.0) 
(0.056484813199767815 -0.006454998287698491 0.0) 
(0.06945520912652302 -0.006265538498428225 0.0) 
(0.08229546639243297 -0.0057280774858841565 0.0) 
(0.09228431183202618 -0.004575624439722702 0.0) 
(0.08823606137071512 -0.0022843516757676667 0.0) 
(0.011648535556460038 -0.007201491033461527 0.0) 
(0.008599427465012214 -0.01387557381799016 0.0) 
(0.018875417834911094 -0.017139896082041427 0.0) 
(0.03141646855243009 -0.01854042212372295 0.0) 
(0.04388298188916399 -0.019070613397428424 0.0) 
(0.05620016101172332 -0.01906716829382891 0.0) 
(0.06865140988746024 -0.018529864226841403 0.0) 
(0.08116267524508798 -0.017123021665693114 0.0) 
(0.09140558331385432 -0.01387340157257829 0.0) 
(0.08832821574536928 -0.007235436963465801 0.0) 
(0.011728632166882448 -0.013019422748030389 0.0) 
(0.011252872581424062 -0.024391669209750468 0.0) 
(0.02125029904278794 -0.028543928466967912 0.0) 
(0.033000529112628706 -0.030395760498569676 0.0) 
(0.04442020102532204 -0.031150671498229497 0.0) 
(0.055680500791833676 -0.031142812210489028 0.0) 
(0.06709372699095016 -0.030372716031571444 0.0) 
(0.0788257657325503 -0.02850574472483079 0.0) 
(0.08882491706988603 -0.02433336132373464 0.0) 
(0.0883092186911125 -0.01303780347171447 0.0) 
(0.01640145804301669 -0.02400712113342017 0.0) 
(0.015126065743825577 -0.03601655698856093 0.0) 
(0.024788589264390676 -0.03986781849695823 0.0) 
(0.03509135320413959 -0.04168405720605353 0.0) 
(0.04510454955955821 -0.04271391177201236 0.0) 
(0.05500791293146365 -0.04271136784556292 0.0) 
(0.06502734235229066 -0.04166772399360633 0.0) 
(0.07533996088841212 -0.03982901631208559 0.0) 
(0.08499148130086938 -0.03596366338599031 0.0) 
(0.08413202555696113 -0.02389161927117089 0.0) 
(0.015502421968660762 -0.036283520168988184 0.0) 
(0.020286285323204353 -0.046342010010381275 0.0) 
(0.028619357216006367 -0.046868616817002114 0.0) 
(0.03737382296284364 -0.04932641956509024 0.0) 
(0.045852423950255405 -0.05082650462089862 0.0) 
(0.05425012136595954 -0.050825485167300524 0.0) 
(0.06273160179252854 -0.04932422918589845 0.0) 
(0.07148446680643589 -0.04684007053099969 0.0) 
(0.07986897184769076 -0.04629802041384507 0.0) 
(0.08452610165086649 -0.036073648700085746 0.0) 
)
;

boundaryField
{
	bottom
	{
		type	solidTraction;
		value	nonuniform List<vector>
10
(
(0.016702128026353492 0.04204104139941386 0.0) 
(0.022917370054920738 0.04917260313639005 0.0) 
(0.030593195079414305 0.05122999379996924 0.0) 
(0.038506145906048644 0.05314838217825807 0.0) 
(0.046295333234082005 0.05472627819884583 0.0) 
(0.05402451532528459 0.054717403859582424 0.0) 
(0.06185815761677755 0.05313648733979284 0.0) 
(0.06980927793723331 0.05117572775940198 0.0) 
(0.07762291255267834 0.048745484569785995 0.0) 
(0.08447384422113749 0.04130394610260444 0.0) 
)
;
	}
	top
	{
		type	solidTraction;
		value	nonuniform List<vector>
10
(
(0.01660231888519457 -0.04218486301982968 0.0) 
(0.02289797754075831 -0.04912369360370415 0.0) 
(0.030584205718245282 -0.05109592730646105 0.0) 
(0.0384638200986352 -0.05298597101160909 0.0) 
(0.046213702889805267 -0.05456562952711154 0.0) 
(0.05388430003738478 -0.05456627184105096 0.0) 
(0.0616340995128153 -0.052984457765212205 0.0) 
(0.06952268740605443 -0.051073636967372056 0.0) 
(0.07717557437863307 -0.04903721408079435 0.0) 
(0.0833610625311636 -0.04196030205586559 0.0) 
)
;
	}
	left
	{
		type	fixedValue;
		value	uniform (0.0 0.0 0.0);
	}
	right
	{
		type	fixedValue;
		value	uniform (0.1 0.0 0.0);
	}
	frontAndBackPlanes
	{
		type	empty;
	}
}
