/*
 _____     _____     _____ _____ _____ _____    |  High-order Python FOAM
|  |  |___|  _  |_ _|   __|     |  _  |     |   |  Python Version: 3.10
|     | . |   __| | |   __|  |  |     | | | |   |  Code Version: 0.0
|__|__|___|__|  |_  |__|  |_____|__|__|_|_|_|   |  License: GPLv3
                |___|
*/
FoamFile
{
    version     2.0;
    format      ascii;
    class       volVectorField;
    location    "44.0";
    object     U;
}

dimensions      [0 1 0 0 0 0 0]; 

internalField   nonuniform List<vector>
100
(
(0.01665867833298704 0.033953234338006684 0.0) 
(0.0208693108771663 0.0470985320931056 0.0) 
(0.02845291260239106 0.04761827094169568 0.0) 
(0.03722166462364778 0.04953387907124199 0.0) 
(0.04586591475256146 0.050797304692444055 0.0) 
(0.054397197117378684 0.05078929014044778 0.0) 
(0.06305836383872274 0.04949613454064432 0.0) 
(0.07188676574559655 0.04755482557333407 0.0) 
(0.07934697302591426 0.04667078152355042 0.0) 
(0.08427379096321784 0.033511461018570055 0.0) 
(0.014752269867422601 0.022177391764550025 0.0) 
(0.015353512155948799 0.03584227482465844 0.0) 
(0.024643433114283186 0.0402186683726223 0.0) 
(0.03491980063541974 0.04186129126613573 0.0) 
(0.045099708897770416 0.04270415265938116 0.0) 
(0.055165864496192075 0.04268250312697424 0.0) 
(0.06536121989207455 0.04178529532674038 0.0) 
(0.0756430565797538 0.040042479439130446 0.0) 
(0.08492714489885045 0.03552403022905502 0.0) 
(0.0853228883013015 0.022061750848780447 0.0) 
(0.011038662665333621 0.012488738118813472 0.0) 
(0.01152206229946734 0.024163254037129364 0.0) 
(0.021053330814758867 0.028802829847360503 0.0) 
(0.03273218086363441 0.03070180522972822 0.0) 
(0.04436021544435251 0.031377500714263706 0.0) 
(0.05585298878964688 0.03134899271037967 0.0) 
(0.06747217745689692 0.030611344385512343 0.0) 
(0.0791158295805303 0.028643825165364737 0.0) 
(0.08856243979378074 0.024001658323347722 0.0) 
(0.08903580767171808 0.012447359853202927 0.0) 
(0.011116149428788425 0.006942786246794826 0.0) 
(0.00921662755746094 0.013797280370448438 0.0) 
(0.018754082778037702 0.017253185223468304 0.0) 
(0.03110798758947967 0.01873547941102396 0.0) 
(0.043780236745958 0.019248378189322315 0.0) 
(0.05636720621549266 0.01922427032343807 0.0) 
(0.06901970559841253 0.018664977284253703 0.0) 
(0.08132846391289071 0.0171535476474917 0.0) 
(0.0908177152783949 0.013710110329281051 0.0) 
(0.0888342054983946 0.006923710687062027 0.0) 
(0.011266143989032864 0.0022193156958325347 0.0) 
(0.008448832123516195 0.004526628448908869 0.0) 
(0.01768305273104748 0.005730177749593206 0.0) 
(0.03029557629277788 0.006293970356624097 0.0) 
(0.04346872786876704 0.006485102460013989 0.0) 
(0.05662703639130997 0.006470187676157542 0.0) 
(0.06978020391943472 0.006252843422725115 0.0) 
(0.08235904552879415 0.005674709544275478 0.0) 
(0.09156297072090956 0.004481359340278153 0.0) 
(0.0887418958095213 0.002200259855701853 0.0) 
(0.011296644649058848 -0.002176398142526105 0.0) 
(0.0084509065011041 -0.004517026359499086 0.0) 
(0.01768540476782207 -0.005742317197645061 0.0) 
(0.030294040285677032 -0.006314052486931501 0.0) 
(0.04345974323580874 -0.00651598689332999 0.0) 
(0.05661029158461159 -0.006521709266063008 0.0) 
(0.06975887287003361 -0.006329984299550315 0.0) 
(0.08233930330405362 -0.005765575029425836 0.0) 
(0.09155428765728156 -0.004546873480687781 0.0) 
(0.08871002166554262 -0.0021993124192195164 0.0) 
(0.01114953694042561 -0.00690364061894555 0.0) 
(0.009232802962962656 -0.013796012274799286 0.0) 
(0.018766841685726978 -0.017260455090758124 0.0) 
(0.03110459559225921 -0.018740694713981123 0.0) 
(0.04375378012286403 -0.019262705592644327 0.0) 
(0.056316240952368035 -0.019261075590446913 0.0) 
(0.06895148666736134 -0.018736239677651857 0.0) 
(0.08126460094580171 -0.01725403372268282 0.0) 
(0.09077319262945883 -0.013802441695311616 0.0) 
(0.08882310715329551 -0.006933435174032705 0.0) 
(0.011164640626263883 -0.01247868728130257 0.0) 
(0.01159318975980685 -0.024180634429344802 0.0) 
(0.02108105249612687 -0.028784918492043107 0.0) 
(0.03272873853516471 -0.030676230488633723 0.0) 
(0.044318792342345516 -0.03135783775136854 0.0) 
(0.055768220794608185 -0.031351403201452 0.0) 
(0.06735131791571254 -0.03065879919016753 0.0) 
(0.07898390421773538 -0.02875840528343685 0.0) 
(0.08847849206618366 -0.024139753046544966 0.0) 
(0.08886217828410303 -0.012492026515580203 0.0) 
(0.015190240481916206 -0.022256096178723445 0.0) 
(0.015428994384088651 -0.035820439660541846 0.0) 
(0.024676306841775263 -0.04016172243444251 0.0) 
(0.03490987407998858 -0.0417898468468367 0.0) 
(0.045042660487302544 -0.042633392094977296 0.0) 
(0.05505711012632118 -0.04263073178918903 0.0) 
(0.06519575334510383 -0.0417747621836957 0.0) 
(0.07544167631570341 -0.04012944679928795 0.0) 
(0.08468451252065783 -0.03577943569279386 0.0) 
(0.08526591483600762 -0.022176675199021233 0.0) 
(0.016661001819396823 -0.034071368751631755 0.0) 
(0.020939792467990034 -0.047034134641697485 0.0) 
(0.028455839325094358 -0.04753241089540428 0.0) 
(0.037198619974625854 -0.04941923005230977 0.0) 
(0.04580462645665812 -0.0506852039088828 0.0) 
(0.054287404858964584 -0.050683436960433446 0.0) 
(0.06289764782911682 -0.04941521236075961 0.0) 
(0.07164178432615588 -0.04750632795895598 0.0) 
(0.07920012100288587 -0.04699680520080879 0.0) 
(0.08337489216486778 -0.0339157293649803 0.0) 
)
;

boundaryField
{
	bottom
	{
		type	solidTraction;
		value	nonuniform List<vector>
10
(
(0.018386312574392008 0.03999324732802082 0.0) 
(0.023829697490328587 0.04935375560329524 0.0) 
(0.030588122780166514 0.05195049146013183 0.0) 
(0.03834405813289186 0.05329051106602564 0.0) 
(0.046227222529990224 0.05456473479323373 0.0) 
(0.05403902644804295 0.05456089673913994 0.0) 
(0.061947494279640435 0.05327470589769431 0.0) 
(0.06973258859024635 0.051850205898394515 0.0) 
(0.07666666273259141 0.04895197792106437 0.0) 
(0.08267878633307474 0.03945055420118835 0.0) 
)
;
	}
	top
	{
		type	solidTraction;
		value	nonuniform List<vector>
10
(
(0.018318683262572914 -0.040104061652797875 0.0) 
(0.023821782749643774 -0.049316859710366506 0.0) 
(0.030586474622032723 -0.05184738237655688 0.0) 
(0.03831160312973888 -0.0531617494718817 0.0) 
(0.04616107028274152 -0.05443139885675589 0.0) 
(0.05392792396599479 -0.05443091068213663 0.0) 
(0.061779238692385566 -0.05315788966967237 0.0) 
(0.06951301777163274 -0.0518256941942841 0.0) 
(0.07624970835553455 -0.04924795344464885 0.0) 
(0.08166305803505675 -0.03993672022387 0.0) 
)
;
	}
	left
	{
		type	fixedValue;
		value	uniform (0.0 0.0 0.0);
	}
	right
	{
		type	fixedValue;
		value	uniform (0.1 0.0 0.0);
	}
	frontAndBackPlanes
	{
		type	empty;
	}
}
