/*
 _____     _____     _____ _____ _____ _____    |  High-order Python FOAM
|  |  |___|  _  |_ _|   __|     |  _  |     |   |  Python Version: 3.10
|     | . |   __| | |   __|  |  |     | | | |   |  Code Version: 0.0
|__|__|___|__|  |_  |__|  |_____|__|__|_|_|_|   |  License: GPLv3
                |___|
*/
FoamFile
{
    version     2.0;
    format      ascii;
    class       volVectorField;
    location    "42.0";
    object     U;
}

dimensions      [0 1 0 0 0 0 0]; 

internalField   nonuniform List<vector>
100
(
(0.01675898648224978 0.03370045473952154 0.0) 
(0.020935066531089036 0.047169321422366274 0.0) 
(0.02840628488689077 0.04769887809446579 0.0) 
(0.03716663540309222 0.04951252778140659 0.0) 
(0.04584269114461529 0.050708695513588066 0.0) 
(0.05441509471649861 0.050700917015195884 0.0) 
(0.06310702020571125 0.0494746697775283 0.0) 
(0.07192450343978847 0.0476310385064549 0.0) 
(0.07928103453971397 0.046742853415967026 0.0) 
(0.08416000346539312 0.03327604147408619 0.0) 
(0.014619240527724208 0.022001191311190212 0.0) 
(0.015360198567629784 0.03579832602007512 0.0) 
(0.024613802684881825 0.04022548733385221 0.0) 
(0.034884766743428074 0.041830126472845064 0.0) 
(0.045085383078042364 0.042633856018790814 0.0) 
(0.0551754916179034 0.042612270302717074 0.0) 
(0.0653911077514575 0.04175409259342097 0.0) 
(0.07566756393661846 0.040049939888833805 0.0) 
(0.08491449270020625 0.035486097850509636 0.0) 
(0.08545156781823483 0.021888088423524563 0.0) 
(0.010970356612543091 0.012421095478883502 0.0) 
(0.011538332149100885 0.02411775585212348 0.0) 
(0.021022385727108805 0.028797473381292567 0.0) 
(0.032691998405138804 0.030693617252336856 0.0) 
(0.04434364827544266 0.031354200858895995 0.0) 
(0.0558662245200318 0.03132584288718873 0.0) 
(0.06750868851746453 0.030603822004678545 0.0) 
(0.07914297160141853 0.028640674349827117 0.0) 
(0.08854406136119378 0.023959424136079422 0.0) 
(0.08910237738433821 0.01238093080871746 0.0) 
(0.011048319719949592 0.006903631055356677 0.0) 
(0.009263126921644422 0.013771073074895016 0.0) 
(0.018734093105496414 0.01724445660519222 0.0) 
(0.03106692547247111 0.018732482387293078 0.0) 
(0.043762079570405135 0.019242358350273527 0.0) 
(0.056383134494176 0.019218435037986203 0.0) 
(0.06905850901976282 0.01866271077625099 0.0) 
(0.08134664291299767 0.017146233845887753 0.0) 
(0.09077024718544192 0.013685505128145464 0.0) 
(0.08890176336085961 0.006884741374105981 0.0) 
(0.011198722927588082 0.0022064993613644733 0.0) 
(0.008505966304694757 0.004516730765548922 0.0) 
(0.01767146402568678 0.005726107305056174 0.0) 
(0.030256258635116856 0.006292302077210035 0.0) 
(0.04345047340750011 0.006483403327217372 0.0) 
(0.05664383976562128 0.006468574303243123 0.0) 
(0.06981823367713012 0.0062514668346086875 0.0) 
(0.08236975746138665 0.005671157853483335 0.0) 
(0.09150545863654189 0.004471951324113014 0.0) 
(0.08880861931910247 0.002187612595465459 0.0) 
(0.011228793213141233 -0.002164836915806857 0.0) 
(0.00850812658155961 -0.004507802044612298 0.0) 
(0.017673785664511686 -0.00573872316485759 0.0) 
(0.03025468456589503 -0.00631295902795063 0.0) 
(0.043441573689282156 -0.0065149615814076925 0.0) 
(0.056627356765057715 -0.006520738738177639 0.0) 
(0.06979731105055685 -0.006329045554672767 0.0) 
(0.08235042756325305 -0.005762176447542748 0.0) 
(0.09149694955268943 -0.0045376985174014495 0.0) 
(0.08877731143176155 -0.002187572410195423 0.0) 
(0.011081144197301615 -0.006865791469333134 0.0) 
(0.009279471614457926 -0.01377051315487961 0.0) 
(0.018746646542328823 -0.017252357854584264 0.0) 
(0.031063402996786862 -0.01873859030127322 0.0) 
(0.04373590224413854 -0.01925768409763076 0.0) 
(0.05633298528061874 -0.01925617104751415 0.0) 
(0.06899165454648047 -0.018734542728259602 0.0) 
(0.08128418164687208 -0.017246654396205922 0.0) 
(0.09072651652616982 -0.013777483016437305 0.0) 
(0.08889138748706804 -0.006895092903634659 0.0) 
(0.011094690027440998 -0.012411996071392453 0.0) 
(0.011608960093324744 -0.024135742387085175 0.0) 
(0.021049668610952536 -0.028780947221166055 0.0) 
(0.03268841664487869 -0.03066973410142435 0.0) 
(0.0443027503316029 -0.031336200584098375 0.0) 
(0.05578290276963182 -0.031329801556300094 0.0) 
(0.06739026846612407 -0.030652521864611065 0.0) 
(0.079014159839268 -0.028755116389216174 0.0) 
(0.0884618830207288 -0.024096148983551995 0.0) 
(0.08893114214954767 -0.012424812708822954 0.0) 
(0.015049834687114195 -0.02207762598627014 0.0) 
(0.015435524384314902 -0.03577830653991855 0.0) 
(0.024646328570116782 -0.04017145108081277 0.0) 
(0.034875035893824485 -0.04176169445018238 0.0) 
(0.04502940598502692 -0.042565715720259675 0.0) 
(0.055068829657869446 -0.042562821141453384 0.0) 
(0.06522915863743027 -0.041746168032478374 0.0) 
(0.07547049344458776 -0.04013908708903585 0.0) 
(0.08467711028636227 -0.03573789983642875 0.0) 
(0.08539809047048974 -0.022001024512269367 0.0) 
(0.016763024865647666 -0.03381565194315461 0.0) 
(0.02100529819784341 -0.047108009073987406 0.0) 
(0.028409732601606712 -0.04761705191395006 0.0) 
(0.03714397984555547 -0.04940203812876935 0.0) 
(0.04578249000598988 -0.05059967852797053 0.0) 
(0.05430783524126083 -0.050597545949100375 0.0) 
(0.06295086576041822 -0.049397027932385686 0.0) 
(0.07168693158629273 -0.04759003236861983 0.0) 
(0.0791330704317022 -0.04707030974578006 0.0) 
(0.08327342963178304 -0.03366475498828056 0.0) 
)
;

boundaryField
{
	bottom
	{
		type	solidTraction;
		value	nonuniform List<vector>
10
(
(0.018548348468592043 0.03975531638009038 0.0) 
(0.02391650807620494 0.0493768370743385 0.0) 
(0.030558845695124903 0.05204365310207884 0.0) 
(0.03828742785386394 0.0532820279427682 0.0) 
(0.046201564850737425 0.05447903513136649 0.0) 
(0.0540587598273101 0.05447527208629672 0.0) 
(0.06199671177153433 0.053264879645736986 0.0) 
(0.06975419491830255 0.051938845195320466 0.0) 
(0.07657468337899451 0.04897879399857813 0.0) 
(0.08250317475678265 0.039231716445688285 0.0) 
)
;
	}
	top
	{
		type	solidTraction;
		value	nonuniform List<vector>
10
(
(0.018483936933760586 -0.03986344641430957 0.0) 
(0.02390995304042169 -0.04934221383842181 0.0) 
(0.030557862197516886 -0.05194501120057163 0.0) 
(0.03825564924588405 -0.05315773379805503 0.0) 
(0.046136706210504794 -0.05434914719855766 0.0) 
(0.053950561533586294 -0.05434821752212771 0.0) 
(0.06183380084849318 -0.05315270542443579 0.0) 
(0.06954051010035586 -0.05192205895815279 0.0) 
(0.0761613241773058 -0.04927387856505075 0.0) 
(0.08149960100260807 -0.039700966867567036 0.0) 
)
;
	}
	left
	{
		type	fixedValue;
		value	uniform (0.0 0.0 0.0);
	}
	right
	{
		type	fixedValue;
		value	uniform (0.1 0.0 0.0);
	}
	frontAndBackPlanes
	{
		type	empty;
	}
}
