/*
 _____     _____     _____ _____ _____ _____    |  High-order Python FOAM
|  |  |___|  _  |_ _|   __|     |  _  |     |   |  Python Version: 3.10
|     | . |   __| | |   __|  |  |     | | | |   |  Code Version: 0.0
|__|__|___|__|  |_  |__|  |_____|__|__|_|_|_|   |  License: GPLv3
                |___|
*/
FoamFile
{
    version     2.0;
    format      ascii;
    class       volVectorField;
    location    "7.0";
    object     U;
}

dimensions      [0 1 0 0 0 0 0]; 

internalField   nonuniform List<vector>
100
(
(0.021007188132402294 0.018600782683452072 0.0) 
(0.03239365121965005 0.04689115787578482 0.0) 
(0.036676940902266905 0.0624576307523776 0.0) 
(0.04198245077277071 0.07114636967412473 0.0) 
(0.047278851998064454 0.07496799954630064 0.0) 
(0.05279601558131699 0.07492255180907179 0.0) 
(0.05811181112111053 0.07100704828886835 0.0) 
(0.06346710368648371 0.06223822387798892 0.0) 
(0.06781079965223448 0.04660198715881472 0.0) 
(0.07948349403061554 0.018601643831357813 0.0) 
(0.010958103980307212 0.01633098845138273 0.0) 
(0.017838642491422318 0.03605449184799762 0.0) 
(0.026777793303920522 0.05027152442386565 0.0) 
(0.035841931396057444 0.05802712646045013 0.0) 
(0.045293598229730406 0.06149096820126944 0.0) 
(0.0548417986527617 0.06145130160043997 0.0) 
(0.06429888615700378 0.05791299674450238 0.0) 
(0.073361004554641 0.050104152718247065 0.0) 
(0.08227158367777515 0.03590426440998361 0.0) 
(0.0890098842421695 0.016289973310595098 0.0) 
(0.009878695703058849 0.011012334932211406 0.0) 
(0.013522732822243286 0.025682300902309052 0.0) 
(0.0214656394853456 0.03586160373192487 0.0) 
(0.03206474571079696 0.04213448281335557 0.0) 
(0.04392074025709311 0.044958372131775295 0.0) 
(0.05616679046443883 0.04492788459206081 0.0) 
(0.06801022186264985 0.04205172819975826 0.0) 
(0.07858464862493707 0.035753813613723685 0.0) 
(0.08649111136623405 0.025599248828383978 0.0) 
(0.09014886858117876 0.010996102638783303 0.0) 
(0.009818751912621642 0.006604519413130447 0.0) 
(0.01177408857971821 0.015281424712130993 0.0) 
(0.019141561442785535 0.0214689686902922 0.0) 
(0.030114325168384904 0.025418204442318237 0.0) 
(0.04317043062567279 0.027280640597318644 0.0) 
(0.05686969951949609 0.027259957669069693 0.0) 
(0.0699132976749658 0.025363440934524025 0.0) 
(0.08086426782169173 0.021402195647632374 0.0) 
(0.08821353417890891 0.015230580809384919 0.0) 
(0.09009531974953516 0.006588920887933877 0.0) 
(0.010041972916339311 0.002169158459650075 0.0) 
(0.011237496285434231 0.005075456633966834 0.0) 
(0.018262222761301454 0.007134547245097735 0.0) 
(0.029351122096570356 0.008474244942636528 0.0) 
(0.04285940403552436 0.009113466968129438 0.0) 
(0.05715004053909779 0.00909979887414086 0.0) 
(0.07064964409246767 0.008438228645995279 0.0) 
(0.08172636732168859 0.00708944612407998 0.0) 
(0.08874452901122387 0.005041282742829821 0.0) 
(0.08995153843448916 0.0021545537112647025 0.0) 
(0.010075594568172848 -0.002146115212019719 0.0) 
(0.011246333947217507 -0.005071414545454318 0.0) 
(0.018270171034608332 -0.007146699375093813 0.0) 
(0.02935413669049285 -0.008499558582155028 0.0) 
(0.042857240416291034 -0.009157153576948811 0.0) 
(0.057143942592051855 -0.009166072542588185 0.0) 
(0.07064091196383429 -0.008523879467221605 0.0) 
(0.08171637137183291 -0.007179726545110685 0.0) 
(0.08873881078221849 -0.005106671753062773 0.0) 
(0.08991978137288588 -0.0021653914831246297 0.0) 
(0.009838529671179345 -0.00658425220991071 0.0) 
(0.011813525852758886 -0.015284539393465474 0.0) 
(0.019169446057307797 -0.02147568075228661 0.0) 
(0.030123905352192254 -0.02543218639272583 0.0) 
(0.04316472253292418 -0.02731562710299963 0.0) 
(0.05685252281288404 -0.02732072295772324 0.0) 
(0.06988714042889015 -0.025447422813352192 0.0) 
(0.08083347024266516 -0.021497499781894164 0.0) 
(0.0881789724650296 -0.015311799579366967 0.0) 
(0.09010305187855538 -0.006605356705526328 0.0) 
(0.010020931897758654 -0.011002438594755295 0.0) 
(0.013619163667179253 -0.025694705849072266 0.0) 
(0.02151281266626026 -0.03584312930126928 0.0) 
(0.03208220496896476 -0.04212866296565634 0.0) 
(0.043920622434696466 -0.044979516121639924 0.0) 
(0.05614010572576734 -0.04497686052306844 0.0) 
(0.06796618083254771 -0.04213490200436427 0.0) 
(0.07853040657321925 -0.03585732719316885 0.0) 
(0.08643586576465502 -0.025702347373645514 0.0) 
(0.08998154902413912 -0.011013227478432346 0.0) 
(0.011287691559459618 -0.016324189709108997 0.0) 
(0.017944445682928727 -0.036013663618902736 0.0) 
(0.026834873137544988 -0.050225197611055046 0.0) 
(0.035866858362143345 -0.05799894934869283 0.0) 
(0.045285251368058964 -0.06148718695425561 0.0) 
(0.05481339454672635 -0.06149007785736194 0.0) 
(0.06424240523202858 -0.057997146061780754 0.0) 
(0.0732760207894137 -0.05023548163620178 0.0) 
(0.08215862679878463 -0.036037397474348386 0.0) 
(0.0890332538328595 -0.01632870520635175 0.0) 
(0.021035442820042896 -0.018602138664028187 0.0) 
(0.03249107121968516 -0.046781573597801246 0.0) 
(0.036743312888810456 -0.062382564669614664 0.0) 
(0.04202884206969346 -0.07109118535060198 0.0) 
(0.04730477218484063 -0.07494919167741558 0.0) 
(0.05279485961482959 -0.07494715696168884 0.0) 
(0.05807409755455855 -0.07108678861275816 0.0) 
(0.06336611132679708 -0.06237517520233534 0.0) 
(0.06763593950729431 -0.04683432058837276 0.0) 
(0.07899014326395475 -0.018598432202349975 0.0) 
)
;

boundaryField
{
	bottom
	{
		type	solidTraction;
		value	nonuniform List<vector>
10
(
(0.02649453698078604 0.022060948882024846 0.0) 
(0.03683376235221047 0.04839948898044096 0.0) 
(0.04200424284757219 0.06763839402119104 0.0) 
(0.04507121862106055 0.07752453819350216 0.0) 
(0.048334267924484885 0.08188590233783044 0.0) 
(0.05171514064637641 0.08183505647031203 0.0) 
(0.055008724565612774 0.07737087262104217 0.0) 
(0.058150357874995 0.0673869981481593 0.0) 
(0.06350748193640193 0.048158192687407876 0.0) 
(0.07411060042518543 0.02203147259025484 0.0) 
)
;
	}
	top
	{
		type	solidTraction;
		value	nonuniform List<vector>
10
(
(0.02647278862344272 -0.022034005727749526 0.0) 
(0.036877603731134086 -0.04829842620516914 0.0) 
(0.04207666938247576 -0.06754139449170168 0.0) 
(0.04512880735275684 -0.07745951138942177 0.0) 
(0.048374340990637005 -0.08186085763139256 0.0) 
(0.051725773910832336 -0.08185782584856656 0.0) 
(0.054973372983923394 -0.07745278832642757 0.0) 
(0.058036042851636015 -0.06754394451966995 0.0) 
(0.06320103857329247 -0.04833332591173228 0.0) 
(0.07351727236687451 -0.022045705282635168 0.0) 
)
;
	}
	left
	{
		type	fixedValue;
		value	uniform (0.0 0.0 0.0);
	}
	right
	{
		type	fixedValue;
		value	uniform (0.1 0.0 0.0);
	}
	frontAndBackPlanes
	{
		type	empty;
	}
}
