/*
 _____     _____     _____ _____ _____ _____    |  High-order Python FOAM
|  |  |___|  _  |_ _|   __|     |  _  |     |   |  Python Version: 3.10
|     | . |   __| | |   __|  |  |     | | | |   |  Code Version: 0.0
|__|__|___|__|  |_  |__|  |_____|__|__|_|_|_|   |  License: GPLv3
                |___|
*/
FoamFile
{
    version     2.0;
    format      ascii;
    class       volVectorField;
    location    "97.0";
    object     U;
}

dimensions      [0 1 0 0 0 0 0]; 

internalField   nonuniform List<vector>
100
(
(0.015073353403020623 0.03680765662492371 0.0) 
(0.02004421568227846 0.046239571856810845 0.0) 
(0.02863080236117879 0.046867181642696 0.0) 
(0.037395440352127426 0.04942580794614402 0.0) 
(0.04591350453346662 0.05087936989908212 0.0) 
(0.05441387896799413 0.05086256011363727 0.0) 
(0.0629661362351352 0.049372418642619466 0.0) 
(0.071842289486925 0.046860092694705015 0.0) 
(0.08016875487540759 0.045830164403600736 0.0) 
(0.08600843611345409 0.03611553470179042 0.0) 
(0.016289802619950906 0.024573706027412736 0.0) 
(0.01489393286990979 0.03609181408741387 0.0) 
(0.024785395720424944 0.03985826080277088 0.0) 
(0.03516145796381682 0.04171668772388407 0.0) 
(0.045193927339936116 0.042753320602940396 0.0) 
(0.05513208619898512 0.04272790400839005 0.0) 
(0.06518693797058386 0.04163679785997291 0.0) 
(0.07556783480675477 0.03967703689110331 0.0) 
(0.0854651718180593 0.03569523439137309 0.0) 
(0.0838524771667336 0.024421089830401598 0.0) 
(0.011786482689322168 0.013223357181310704 0.0) 
(0.011038057446645745 0.024430819560100122 0.0) 
(0.02129177963978725 0.028473167656409407 0.0) 
(0.033105583028757456 0.030317369705666248 0.0) 
(0.044504134174708075 0.031071876286719195 0.0) 
(0.055754906837023034 0.03104106711844243 0.0) 
(0.06714755564921542 0.030219067186371806 0.0) 
(0.07892783770319445 0.028287464622917396 0.0) 
(0.08907329931409598 0.02422689566115538 0.0) 
(0.08831369526204327 0.013162909443285926 0.0) 
(0.011767724760180783 0.007368210214936172 0.0) 
(0.008348856445021374 0.0138981915614565 0.0) 
(0.018936056159577375 0.01708621559224274 0.0) 
(0.0315452402566164 0.018464735337603604 0.0) 
(0.04395914021921688 0.018984855276902753 0.0) 
(0.05622149368500054 0.01895893539773241 0.0) 
(0.06861467634574656 0.018386555267870232 0.0) 
(0.0811705377662427 0.016970615199354402 0.0) 
(0.09169622847722045 0.013792011335935451 0.0) 
(0.08819497402970167 0.007349144724720195 0.0) 
(0.011898226847871684 0.002352362224790452 0.0) 
(0.00745244197017457 0.004573194939405919 0.0) 
(0.017796652778459782 0.005685535821174521 0.0) 
(0.030743528980418218 0.006212934712513169 0.0) 
(0.04365915439590064 0.006398794802244881 0.0) 
(0.0564606330133331 0.006383381458576076 0.0) 
(0.06935266109825312 0.006169886664077992 0.0) 
(0.0822574960759698 0.005626090486203238 0.0) 
(0.09256161084365248 0.0045243136704470385 0.0) 
(0.08812040395176815 0.002333588997367146 0.0) 
(0.011932596195335017 -0.0022906879679731144 0.0) 
(0.007452415669925652 -0.004558296147319484 0.0) 
(0.017799022056953752 -0.005697497248138625 0.0) 
(0.03074229532360322 -0.006232337127420144 0.0) 
(0.04364884969768402 -0.006427598792688273 0.0) 
(0.05644057695426906 -0.00643196851424029 0.0) 
(0.06932642678020108 -0.0062441449036015765 0.0) 
(0.08223306246439974 -0.00571462863941569 0.0) 
(0.09255158603944853 -0.0045834708907605565 0.0) 
(0.0880820169127029 -0.0023139938796533756 0.0) 
(0.01180848289050869 -0.00730979385762543 0.0) 
(0.008359112023305344 -0.013892096884437747 0.0) 
(0.018950759425756688 -0.017092645730906502 0.0) 
(0.031542869116828784 -0.018466156618847988 0.0) 
(0.04392833324694349 -0.01899392908648496 0.0) 
(0.056160305746470435 -0.018989866606158468 0.0) 
(0.06853011453371478 -0.01845329902361809 0.0) 
(0.0810900891928922 -0.017071396242519778 0.0) 
(0.09164452563989829 -0.013886008610113222 0.0) 
(0.08817021130487661 -0.007345178656887378 0.0) 
(0.011928214201103767 -0.013198026047518348 0.0) 
(0.011110466668922741 -0.024447313093915624 0.0) 
(0.02132344174417224 -0.02844530927405027 0.0) 
(0.03310270234412105 -0.030279085414177547 0.0) 
(0.04445423604709308 -0.031039514495308267 0.0) 
(0.05565193966650758 -0.03103115689227578 0.0) 
(0.06699754930336185 -0.030253864917496237 0.0) 
(0.07875723837005164 -0.028402406741352956 0.0) 
(0.08896868493485746 -0.024381756134681888 0.0) 
(0.08811466146965473 -0.013218808826123451 0.0) 
(0.016823681664259335 -0.024696107987709052 0.0) 
(0.014962428752744368 -0.03605279573220324 0.0) 
(0.02482117798962285 -0.03977372840213229 0.0) 
(0.035147579932576604 -0.041615848609341984 0.0) 
(0.045121390552229586 -0.042656832038259235 0.0) 
(0.05499576754667327 -0.042654167939605706 0.0) 
(0.06497653936398674 -0.04159879876913259 0.0) 
(0.07531168476369131 -0.03973243528770679 0.0) 
(0.08515473310174283 -0.03599572731304263 0.0) 
(0.08373897214300013 -0.024563451219355374 0.0) 
(0.015047087043098373 -0.036974617030537574 0.0) 
(0.020121565177837933 -0.046146348985270334 0.0) 
(0.028624556169110502 -0.04674534306155011 0.0) 
(0.03736324028160333 -0.049269395000043036 0.0) 
(0.0458339027233972 -0.05073350000000111 0.0) 
(0.05427209046956631 -0.05073240636560828 0.0) 
(0.06274564080649314 -0.049267374011431594 0.0) 
(0.07148148714335305 -0.046715499302479827 0.0) 
(0.08003944396068867 -0.04610050533963752 0.0) 
(0.08497578972729525 -0.03674181555829026 0.0) 
)
;

boundaryField
{
	bottom
	{
		type	solidTraction;
		value	nonuniform List<vector>
10
(
(0.01608617794275923 0.04266230786820626 0.0) 
(0.022630615056836965 0.049150552400474216 0.0) 
(0.030550806841759374 0.05108766974855282 0.0) 
(0.038473955070779456 0.05308082178721059 0.0) 
(0.04627688169817289 0.05463748012272381 0.0) 
(0.054060136458187434 0.054625143430727836 0.0) 
(0.06191609759222086 0.05306584542625619 0.0) 
(0.06988465943848324 0.051049507280981975 0.0) 
(0.07792390798880267 0.04871928354245859 0.0) 
(0.08512113334732442 0.04185292596981329 0.0) 
)
;
	}
	top
	{
		type	solidTraction;
		value	nonuniform List<vector>
10
(
(0.015972288924706163 -0.04282022578511492 0.0) 
(0.022607469107458197 -0.049098496675206084 0.0) 
(0.030539513260264318 -0.05094417212850978 0.0) 
(0.03842774454708347 -0.052907375620359215 0.0) 
(0.046189715047814266 -0.05446685300383013 0.0) 
(0.05391103863898588 -0.05446758910659185 0.0) 
(0.06167249567978575 -0.05290614632475452 0.0) 
(0.06957006433936806 -0.050921350815777096 0.0) 
(0.0774662578867893 -0.04900522041146183 0.0) 
(0.08398107570856113 -0.04257186408865477 0.0) 
)
;
	}
	left
	{
		type	fixedValue;
		value	uniform (0.0 0.0 0.0);
	}
	right
	{
		type	fixedValue;
		value	uniform (0.1 0.0 0.0);
	}
	frontAndBackPlanes
	{
		type	empty;
	}
}
