/*
 _____     _____     _____ _____ _____ _____    |  High-order Python FOAM
|  |  |___|  _  |_ _|   __|     |  _  |     |   |  Python Version: 3.10
|     | . |   __| | |   __|  |  |     | | | |   |  Code Version: 0.0
|__|__|___|__|  |_  |__|  |_____|__|__|_|_|_|   |  License: GPLv3
                |___|
*/
FoamFile
{
    version     2.0;
    format      ascii;
    class       volVectorField;
    location    "91.0";
    object     U;
}

dimensions      [0 1 0 0 0 0 0]; 

internalField   nonuniform List<vector>
100
(
(0.01516578242626992 0.036673236872501715 0.0) 
(0.020075168037574573 0.04627467046969824 0.0) 
(0.028631728418423336 0.04688665610435033 0.0) 
(0.03739860302966075 0.04943609320292095 0.0) 
(0.04591677773644538 0.05089908529407828 0.0) 
(0.05440743217856118 0.05088291493440997 0.0) 
(0.06295890275112863 0.04938439396399872 0.0) 
(0.07183346136596488 0.04687694712342842 0.0) 
(0.08013806094265635 0.045862662329139894 0.0) 
(0.08590932733598775 0.03599545549851174 0.0) 
(0.016208977640832352 0.02443256364480933 0.0) 
(0.014929521645945973 0.0360853518039678 0.0) 
(0.024778980173741902 0.03987564110296841 0.0) 
(0.03514965708758187 0.041729854164096226 0.0) 
(0.045189618463651424 0.04276581999282305 0.0) 
(0.055133188150611676 0.04274074950775003 0.0) 
(0.06519519696780507 0.04165043035363478 0.0) 
(0.07557082983467206 0.03969461547888934 0.0) 
(0.08542549733737705 0.03569299983750542 0.0) 
(0.08392915214535512 0.02428240171108253 0.0) 
(0.011746768691674112 0.013186881517257847 0.0) 
(0.01106814015624809 0.024420238949858907 0.0) 
(0.021276368778241347 0.028492872695243462 0.0) 
(0.033084293839438714 0.03034060010730157 0.0) 
(0.04449668299083348 0.031094852065664202 0.0) 
(0.055759795735273385 0.03106421003376734 0.0) 
(0.06716625393681064 0.030242730730984414 0.0) 
(0.0789406331954585 0.028308529335061262 0.0) 
(0.0890419902329504 0.024218588682902067 0.0) 
(0.0883517280532903 0.013127713764131986 0.0) 
(0.01173671700818178 0.007344658430066991 0.0) 
(0.008398283003635154 0.013894894819594897 0.0) 
(0.01891912650176665 0.017095660018955575 0.0) 
(0.03151893724016497 0.018479513281497262 0.0) 
(0.04394974713072653 0.019000464774254832 0.0) 
(0.05622894120882161 0.018974644965532424 0.0) 
(0.06863916567946018 0.018401723223510247 0.0) 
(0.08118625742014896 0.016980847593314176 0.0) 
(0.0916465213884192 0.013789654634826117 0.0) 
(0.08822498515715427 0.007325452612955116 0.0) 
(0.011867437413905663 0.0023450492575955864 0.0) 
(0.007507614005430651 0.004571015651485657 0.0) 
(0.017781501145063515 0.005687887226284579 0.0) 
(0.030715680859789023 0.006217033972656262 0.0) 
(0.04364905116808911 0.006403454288374049 0.0) 
(0.05646925333174139 0.00638807203258141 0.0) 
(0.06937927929053696 0.006174079814796932 0.0) 
(0.08227204005764414 0.005628604164866509 0.0) 
(0.09250661628959711 0.004522230307607844 0.0) 
(0.08815050454459075 0.0023260923546667566 0.0) 
(0.011901609582281111 -0.0022845142987342314 0.0) 
(0.007507729503537594 -0.004556243182667111 0.0) 
(0.017783850868421103 -0.005699625014458852 0.0) 
(0.0307144134081579 -0.006236233139220058 0.0) 
(0.04363882115720286 -0.006432109488559941 0.0) 
(0.05644937744310688 -0.006436543232928137 0.0) 
(0.06935329968037122 -0.006248265637672943 0.0) 
(0.08224783063280662 -0.005717151019477201 0.0) 
(0.09249660240194635 -0.004581793408265944 0.0) 
(0.08811251046435775 -0.002307889211301306 0.0) 
(0.011777131138209797 -0.00728743607893705 0.0) 
(0.0084089842897975 -0.013888912405536826 0.0) 
(0.018933650244056962 -0.017101883827201188 0.0) 
(0.031516467220822415 -0.01848089046535679 0.0) 
(0.0439191871176185 -0.0190095366159452 0.0) 
(0.056168294061909395 -0.019005595662092988 0.0) 
(0.06855542517098723 -0.01846849933874874 0.0) 
(0.08110661134850014 -0.017081547703863158 0.0) 
(0.09159500793158006 -0.013883658006473567 0.0) 
(0.08820115585151796 -0.007322531659031436 0.0) 
(0.01188784113616776 -0.013162690114420615 0.0) 
(0.011140652819820218 -0.024436603990059553 0.0) 
(0.021307765809406434 -0.02846537722916938 0.0) 
(0.03308132462358655 -0.03030275473600236 0.0) 
(0.04444726522138898 -0.031062896812441617 0.0) 
(0.055657768613242696 -0.03105464045324775 0.0) 
(0.06701765588526021 -0.030277982544999225 0.0) 
(0.07877193814320052 -0.02842345471840291 0.0) 
(0.08893828428990835 -0.024372569483520533 0.0) 
(0.08815393944798341 -0.013182946957132003 0.0) 
(0.01673747754845844 -0.024551957965943165 0.0) 
(0.014998822737883527 -0.03604731651184328 0.0) 
(0.02481455293281911 -0.03979247005012766 0.0) 
(0.03513592259589282 -0.041630444220071006 0.0) 
(0.04511790247152973 -0.042670587474334915 0.0) 
(0.054998288967459806 -0.04266795818400301 0.0) 
(0.06498705440475853 -0.04161355539845297 0.0) 
(0.07531741265214512 -0.039751680129344345 0.0) 
(0.0851185463741361 -0.03599107143273969 0.0) 
(0.08381915835665686 -0.02442306730054557 0.0) 
(0.015141619885046247 -0.036837117998105254 0.0) 
(0.020151930506518874 -0.046183009566032156 0.0) 
(0.02862595690910938 -0.04676644072192646 0.0) 
(0.03736691414023146 -0.04928169929635004 0.0) 
(0.045838233727989994 -0.050755077081444354 0.0) 
(0.05426708538576504 -0.05075403123480007 0.0) 
(0.06274124945097052 -0.04927968488614601 0.0) 
(0.07147962927358303 -0.04673686607927155 0.0) 
(0.08000789865406545 -0.04613747181385363 0.0) 
(0.08488261847079422 -0.03660919099642438 0.0) 
)
;

boundaryField
{
	bottom
	{
		type	solidTraction;
		value	nonuniform List<vector>
10
(
(0.016212103680258824 0.04253910420496087 0.0) 
(0.02268711332321906 0.049152285152967205 0.0) 
(0.03056111604565223 0.05111212677873455 0.0) 
(0.03848284582241007 0.053094521098066866 0.0) 
(0.04628147561603535 0.05465804072268501 0.0) 
(0.05405214558278375 0.05464645225290735 0.0) 
(0.06190204478459085 0.053080374067761525 0.0) 
(0.06986751237241294 0.05107080872005573 0.0) 
(0.07786457798190252 0.04872171023995076 0.0) 
(0.0849892516821069 0.041744542131176426 0.0) 
)
;
	}
	top
	{
		type	solidTraction;
		value	nonuniform List<vector>
10
(
(0.01610126188890741 -0.04269404664498518 0.0) 
(0.02266471634507347 -0.04910085635825981 0.0) 
(0.030550256415645714 -0.05097049557556403 0.0) 
(0.03843743485655512 -0.052923264202098544 0.0) 
(0.04619545326975362 -0.054489464328143215 0.0) 
(0.05390477902452546 -0.05449021121215864 0.0) 
(0.061662340486463116 -0.05292202075079308 0.0) 
(0.06955876191625286 -0.05094778065839397 0.0) 
(0.0774090158823089 -0.04900895915889923 0.0) 
(0.08385438299555242 -0.04245071365846215 0.0) 
)
;
	}
	left
	{
		type	fixedValue;
		value	uniform (0.0 0.0 0.0);
	}
	right
	{
		type	fixedValue;
		value	uniform (0.1 0.0 0.0);
	}
	frontAndBackPlanes
	{
		type	empty;
	}
}
