/*
 _____     _____     _____ _____ _____ _____    |  High-order Python FOAM
|  |  |___|  _  |_ _|   __|     |  _  |     |   |  Python Version: 3.10
|     | . |   __| | |   __|  |  |     | | | |   |  Code Version: 0.0
|__|__|___|__|  |_  |__|  |_____|__|__|_|_|_|   |  License: GPLv3
                |___|
*/
FoamFile
{
    version     2.0;
    format      ascii;
    class       volVectorField;
    location    "83.0";
    object     U;
}

dimensions      [0 1 0 0 0 0 0]; 

internalField   nonuniform List<vector>
100
(
(0.015313077737791529 0.036452841190046915 0.0) 
(0.020128296248353578 0.0463348211045851 0.0) 
(0.028630235288431418 0.04692171016466779 0.0) 
(0.03740220003967319 0.04945126609947519 0.0) 
(0.0459216255396609 0.05092800226710634 0.0) 
(0.05439741082503931 0.050912869022966836 0.0) 
(0.06294859327693243 0.04940210558039885 0.0) 
(0.07182231615010921 0.04690756192040629 0.0) 
(0.08008535376367919 0.04591893749176461 0.0) 
(0.08575084999138778 0.03579799636698855 0.0) 
(0.016078773584487067 0.024208845595887235 0.0) 
(0.014983506862216035 0.036072554734635956 0.0) 
(0.024768521197934434 0.03990367051889784 0.0) 
(0.03513081407853829 0.04174981339937414 0.0) 
(0.04518274390884634 0.042783276479414295 0.0) 
(0.05513489996828666 0.0427587343433166 0.0) 
(0.06520829621996739 0.04167107546266689 0.0) 
(0.07557568391696713 0.03972295637347842 0.0) 
(0.085364822626708 0.035687001073710374 0.0) 
(0.08405282127908369 0.024062415267829186 0.0) 
(0.01168232355913889 0.013126806520176412 0.0) 
(0.011115307839595334 0.024402277418958097 0.0) 
(0.021252259058448516 0.028524417952358855 0.0) 
(0.03305051014347596 0.030377835438645053 0.0) 
(0.044484705546286536 0.03113071686632131 0.0) 
(0.055767693220742806 0.03110032739855694 0.0) 
(0.0671958619862649 0.030280648236275395 0.0) 
(0.0789604819339987 0.028342279127841444 0.0) 
(0.08899274080814867 0.02420428977083959 0.0) 
(0.08841357153747666 0.013069610988936609 0.0) 
(0.01168518841627419 0.007306998824512212 0.0) 
(0.008476923018384985 0.013889257407448207 0.0) 
(0.01889362007036457 0.01711114185780225 0.0) 
(0.03147710604359948 0.018503543210416293 0.0) 
(0.04393445961559796 0.019025351716386724 0.0) 
(0.05624115823944694 0.018999684104133795 0.0) 
(0.06867811604091231 0.01842636880363513 0.0) 
(0.08120979440029891 0.016997601508351407 0.0) 
(0.09156730728102556 0.013785548209183002 0.0) 
(0.08827499544313921 0.007287606525247403 0.0) 
(0.011816673219484063 0.002333379022699203 0.0) 
(0.007595815116417307 0.004567540820746548 0.0) 
(0.017759183650353796 0.00569182147948743 0.0) 
(0.03067136141441473 0.006223771729131518 0.0) 
(0.043632514805757104 0.0064109366172188185 0.0) 
(0.05648346609481224 0.00639559603978349 0.0) 
(0.06942167306674545 0.006180952864083214 0.0) 
(0.08229337854804744 0.005632792296735721 0.0) 
(0.0924185888592466 0.004518922358825905 0.0) 
(0.08820019347682943 0.002314180675500808 0.0) 
(0.011850529573742503 -0.002274651580251441 0.0) 
(0.007596153050133841 -0.0045530254274903335 0.0) 
(0.01776151101766778 -0.005703263300102861 0.0) 
(0.030670045978596974 -0.006242704002818297 0.0) 
(0.043622401893257334 -0.006439421685156763 0.0) 
(0.0564638745664375 -0.00644396570142745 0.0) 
(0.06939609947974518 -0.006255111001371906 0.0) 
(0.08226953379061798 -0.0057214242070717704 0.0) 
(0.09240861292884263 -0.00457915846199492 0.0) 
(0.08816281605043436 -0.0022981119899199774 0.0) 
(0.011725018460400236 -0.007251660263634938 0.0) 
(0.008488307670009916 -0.013883499415195169 0.0) 
(0.01890788624179979 -0.01711710387173246 0.0) 
(0.031474493503010084 -0.018504916484869776 0.0) 
(0.04390428804409769 -0.019034500816919934 0.0) 
(0.056181370757160204 -0.0190307603274848 0.0) 
(0.06859569980759304 -0.01849327978099318 0.0) 
(0.08113146054863987 -0.017098216866191413 0.0) 
(0.09151616936011836 -0.013879550098100314 0.0) 
(0.08825262250988586 -0.007286283552583863 0.0) 
(0.011822250761968994 -0.013104336142176664 0.0) 
(0.01118793079599144 -0.024418477391448187 0.0) 
(0.021283252821900352 -0.02849755749337799 0.0) 
(0.03304742286850821 -0.030340773574087997 0.0) 
(0.04443604984219222 -0.031099500316517578 0.0) 
(0.05566717333270645 -0.031091406629139055 0.0) 
(0.06704956462315714 -0.030316717071277026 0.0) 
(0.07879491762353905 -0.028457193864261942 0.0) 
(0.08889058517356523 -0.02435684715491752 0.0) 
(0.08821784551432406 -0.013123785064421316 0.0) 
(0.0165986350417515 -0.024323579825573746 0.0) 
(0.015053962708708736 -0.03603606297051831 0.0) 
(0.02480377771273966 -0.039822727846565716 0.0) 
(0.03511733817399073 -0.04165276708932606 0.0) 
(0.04511234951494639 -0.0426901155996226 0.0) 
(0.055002294326701895 -0.04268752928943252 0.0) 
(0.06500383715253484 -0.04163611740494865 0.0) 
(0.07532675871131325 -0.03978275095179063 0.0) 
(0.08506358851891445 -0.03598117542870886 0.0) 
(0.08394836908668954 -0.02420044925365831 0.0) 
(0.015292105037986755 -0.036611880509575964 0.0) 
(0.020204181744090804 -0.046245633456160035 0.0) 
(0.028625256708220023 -0.04680419577697856 0.0) 
(0.037371348207553105 -0.04930023343947027 0.0) 
(0.04584474646419642 -0.05078701673335615 0.0) 
(0.05425944920883889 -0.05078600768358752 0.0) 
(0.06273567061351844 -0.04929817627649015 0.0) 
(0.0714795956026345 -0.04677504393171741 0.0) 
(0.07995375088970591 -0.04620066612030661 0.0) 
(0.08473408505719025 -0.03639158347139561 0.0) 
)
;

boundaryField
{
	bottom
	{
		type	solidTraction;
		value	nonuniform List<vector>
10
(
(0.016414673094424327 0.04233697556584887 0.0) 
(0.02278012135558125 0.04915804756124248 0.0) 
(0.030575671609244376 0.051155928872599996 0.0) 
(0.03849476118109914 0.053116143353721224 0.0) 
(0.04628811225933339 0.0546884917337087 0.0) 
(0.05403992101444402 0.054678074806666685 0.0) 
(0.061881694298257794 0.05310312418003205 0.0) 
(0.06984203272140552 0.05110936356185649 0.0) 
(0.07776691870580735 0.04872873854183048 0.0) 
(0.0847765864631915 0.04156622681198789 0.0) 
)
;
	}
	top
	{
		type	solidTraction;
		value	nonuniform List<vector>
10
(
(0.01630854764899946 -0.042487232310173546 0.0) 
(0.02275895907157652 -0.04910765242620704 0.0) 
(0.030565563337770888 -0.05101739010171847 0.0) 
(0.03845063793324428 -0.05294851826960867 0.0) 
(0.046203913805902094 -0.054523238279235504 0.0) 
(0.05389542762439911 -0.05452396525419823 0.0) 
(0.06164837516327681 -0.05294719499710939 0.0) 
(0.06954256514670311 -0.05099484156269466 0.0) 
(0.0773147336468604 -0.049017980869562855 0.0) 
(0.08365049979219542 -0.04225180401992975 0.0) 
)
;
	}
	left
	{
		type	fixedValue;
		value	uniform (0.0 0.0 0.0);
	}
	right
	{
		type	fixedValue;
		value	uniform (0.1 0.0 0.0);
	}
	frontAndBackPlanes
	{
		type	empty;
	}
}
