/*
 _____     _____     _____ _____ _____ _____    |  High-order Python FOAM
|  |  |___|  _  |_ _|   __|     |  _  |     |   |  Python Version: 3.10
|     | . |   __| | |   __|  |  |     | | | |   |  Code Version: 0.0
|__|__|___|__|  |_  |__|  |_____|__|__|_|_|_|   |  License: GPLv3
                |___|
*/
FoamFile
{
    version     2.0;
    format      ascii;
    class       volVectorField;
    location    "62.0";
    object     U;
}

dimensions      [0 1 0 0 0 0 0]; 

internalField   nonuniform List<vector>
100
(
(0.015876877435727174 0.03552644018980823 0.0) 
(0.02037817439915628 0.04661046426148471 0.0) 
(0.02859270595554478 0.04711974698325269 0.0) 
(0.037386037644825836 0.04950181800102837 0.0) 
(0.04592769866100572 0.05098885369146519 0.0) 
(0.054369939476523355 0.05097743410528191 0.0) 
(0.06293691753562719 0.04946013546084429 0.0) 
(0.07181166659750873 0.04708631117771029 0.0) 
(0.07983700228985595 0.04618383317192983 0.0) 
(0.08513840936646233 0.03496016885999842 0.0) 
(0.01555788371248404 0.023359856823657904 0.0) 
(0.015162739654185901 0.03599935112665272 0.0) 
(0.024723615726125275 0.04002021146645664 0.0) 
(0.035054297164433354 0.04181582947366058 0.0) 
(0.04515430916032331 0.04281508555501517 0.0) 
(0.055142768808057616 0.04279220267605882 0.0) 
(0.06526169741832448 0.04173897885207714 0.0) 
(0.0755976492694408 0.0398408205709371 0.0) 
(0.0851584405352792 0.03564066031712214 0.0) 
(0.0845494302983528 0.02322657031410171 0.0) 
(0.011423108029855807 0.012877505371150299 0.0) 
(0.011288167858541656 0.02431917598813618 0.0) 
(0.021163877779699736 0.028644666269129114 0.0) 
(0.03292078624142369 0.03052025545111732 0.0) 
(0.044436789875867744 0.03125647558206277 0.0) 
(0.05579977992798442 0.031226925491156684 0.0) 
(0.0673089025077491 0.030425670790956965 0.0) 
(0.0790315444533264 0.028471456796129602 0.0) 
(0.08881080395686594 0.02413570726845246 0.0) 
(0.08866345565754379 0.012827277954218744 0.0) 
(0.01146551517125046 0.007159510939605076 0.0) 
(0.008778169377660166 0.013860662982138172 0.0) 
(0.018812849619094647 0.01717225142329162 0.0) 
(0.031318772652849214 0.01859929376491463 0.0) 
(0.04387282237132695 0.019120393381912945 0.0) 
(0.05629115304147879 0.019095285879249305 0.0) 
(0.06882528410824834 0.018524553151242563 0.0) 
(0.08128245170287067 0.017063906572285143 0.0) 
(0.09126274309237611 0.013763254478832193 0.0) 
(0.08848969100052613 0.007139813352636876 0.0) 
(0.011602783480785181 0.0022875631177689594 0.0) 
(0.007938458186126611 0.004552979473845222 0.0) 
(0.017696189848568165 0.005707944527397987 0.0) 
(0.030505118575569475 0.006251509787829206 0.0) 
(0.04356568762458668 0.0064405145239520975 0.0) 
(0.05654167523413254 0.0064252941796057025 0.0) 
(0.06958069951827738 0.006209179144687465 0.0) 
(0.08235235166349779 0.005649999187648477 0.0) 
(0.09207562210833851 0.0045052757880364915 0.0) 
(0.08841019162251729 0.0022679472260004573 0.0) 
(0.011635355503292706 -0.0022356211108937626 0.0) 
(0.007939593115811737 -0.004540004795287274 0.0) 
(0.017698497869338477 -0.005718936314272302 0.0) 
(0.0305036704743626 -0.006270113439748758 0.0) 
(0.043556015354437004 -0.006469141758536369 0.0) 
(0.05652318241066076 -0.006474174377832757 0.0) 
(0.06955674334467714 -0.00628405930806997 0.0) 
(0.08233003488568624 -0.005739485872846442 0.0) 
(0.09206600219043991 -0.004568112073703294 0.0) 
(0.08837512620540387 -0.002259146698236059 0.0) 
(0.011502823861653957 -0.00711116098902332 0.0) 
(0.00879186366971013 -0.013856259881972312 0.0) 
(0.018826357252154386 -0.017177954851347862 0.0) 
(0.031315740476316904 -0.01860141852052442 0.0) 
(0.04384411757147776 -0.019130753358537287 0.0) 
(0.056234743591764946 -0.01912785194561596 0.0) 
(0.0687482540730926 -0.018592771095202392 0.0) 
(0.08120960312485186 -0.017164507737207114 0.0) 
(0.09121376880177148 -0.013857023824357115 0.0) 
(0.08847249559362946 -0.007143875728797099 0.0) 
(0.011557789654493195 -0.012860804534569236 0.0) 
(0.011360653386246871 -0.02433523920748232 0.0) 
(0.02119346153717683 -0.028620861913022634 0.0) 
(0.03291742888834202 -0.030487086629699886 0.0) 
(0.044391044296819726 -0.03122908539882769 0.0) 
(0.05570528208170901 -0.031221644405626716 0.0) 
(0.06717218954875781 -0.030465798089336547 0.0) 
(0.07887900698559608 -0.02858641853027578 0.0) 
(0.08871553867564555 -0.024282581553584745 0.0) 
(0.08847638417477804 -0.012877459387839893 0.0) 
(0.016044009983878966 -0.023458147338828457 0.0) 
(0.015236365888785923 -0.03596871927061487 0.0) 
(0.024757797740605155 -0.03994848435291031 0.0) 
(0.03504207300293072 -0.04172869179418486 0.0) 
(0.04508915559772947 -0.04273059113194491 0.0) 
(0.055019405947318016 -0.04272805657161124 0.0) 
(0.06507236495253337 -0.04171280824246823 0.0) 
(0.07536730798634689 -0.03991172330324648 0.0) 
(0.08488053733381805 -0.03591943383124532 0.0) 
(0.08446556648385023 -0.02335496211367146 0.0) 
(0.015866674244142672 -0.03566764757108694 0.0) 
(0.02045126150580652 -0.04653091337327118 0.0) 
(0.028590997332974346 -0.047013904542683796 0.0) 
(0.03735849004748621 -0.049364966602581266 0.0) 
(0.04585712781819266 -0.05085982869440305 0.0) 
(0.05424227313546074 -0.05085863465470034 0.0) 
(0.06274408853684596 -0.04936230380547895 0.0) 
(0.07151096244814807 -0.04698628935484697 0.0) 
(0.07969924336525923 -0.04648885966031157 0.0) 
(0.08416504669417565 -0.035475376666933144 0.0) 
)
;

boundaryField
{
	bottom
	{
		type	solidTraction;
		value	nonuniform List<vector>
10
(
(0.017212826753966053 0.04148172835556178 0.0) 
(0.023172987661132384 0.049212730026533036 0.0) 
(0.030609959726485367 0.05139442712320114 0.0) 
(0.038501667996710814 0.053201131264347244 0.0) 
(0.046297129022733946 0.054756603873348096 0.0) 
(0.05400739393599156 0.05475002106804853 0.0) 
(0.0618406389517465 0.053189856513236315 0.0) 
(0.06976623949754573 0.05132604715880902 0.0) 
(0.07735471089052898 0.04879092982097443 0.0) 
(0.08393310457262534 0.04080427011091512 0.0) 
)
;
	}
	top
	{
		type	solidTraction;
		value	nonuniform List<vector>
10
(
(0.017123567586893717 -0.04161470963219621 0.0) 
(0.023156957501368168 -0.04916691642189836 0.0) 
(0.03060317288234466 -0.05126909808301047 0.0) 
(0.03846250501618954 -0.05304871610457526 0.0) 
(0.04622007324308004 -0.05460449110395733 0.0) 
(0.053875282267306 -0.0546048350947508 0.0) 
(0.06163333820038303 -0.05304660252216414 0.0) 
(0.06950150053374589 -0.05124713630804775 0.0) 
(0.07691614800855687 -0.049086009770530487 0.0) 
(0.08284647645641642 -0.04140861193817365 0.0) 
)
;
	}
	left
	{
		type	fixedValue;
		value	uniform (0.0 0.0 0.0);
	}
	right
	{
		type	fixedValue;
		value	uniform (0.1 0.0 0.0);
	}
	frontAndBackPlanes
	{
		type	empty;
	}
}
