/*
 _____     _____     _____ _____ _____ _____    |  High-order Python FOAM
|  |  |___|  _  |_ _|   __|     |  _  |     |   |  Python Version: 3.10
|     | . |   __| | |   __|  |  |     | | | |   |  Code Version: 0.0
|__|__|___|__|  |_  |__|  |_____|__|__|_|_|_|   |  License: GPLv3
                |___|
*/
FoamFile
{
    version     2.0;
    format      ascii;
    class       volVectorField;
    location    "22.0";
    object     U;
}

dimensions      [0 1 0 0 0 0 0]; 

internalField   nonuniform List<vector>
100
(
(0.01782229394592355 0.0289210052020189 0.0) 
(0.022343704569612315 0.04702462299326759 0.0) 
(0.02794290174139278 0.04837594533554479 0.0) 
(0.03623945854936824 0.04837514093797898 0.0) 
(0.045382363286370256 0.04799678599526965 0.0) 
(0.054801577937303836 0.04799917119272763 0.0) 
(0.0639482502948189 0.048356097743434884 0.0) 
(0.07227602695339719 0.048293255381744435 0.0) 
(0.07785489450681547 0.0466797575606629 0.0) 
(0.08288135889090312 0.02872514199786529 0.0) 
(0.012816966952460545 0.01943933809975212 0.0) 
(0.015659387029419734 0.03464520401008697 0.0) 
(0.02450824135618207 0.04000641294007495 0.0) 
(0.03454078287942618 0.04103782879811503 0.0) 
(0.04490732873904362 0.04110046280465135 0.0) 
(0.05527409527216811 0.04108492419935775 0.0) 
(0.06565451464064871 0.040977854568737995 0.0) 
(0.07569780116674028 0.03986727712439352 0.0) 
(0.08453359956796551 0.03443466177590356 0.0) 
(0.0872040665447925 0.019365778926619878 0.0) 
(0.010335157802303195 0.011481371649420284 0.0) 
(0.01221870436113234 0.023389295578966435 0.0) 
(0.021082326984985408 0.02866498197193706 0.0) 
(0.03240310871071232 0.03057921137717159 0.0) 
(0.04417601554917895 0.031022612459482728 0.0) 
(0.05596723301117505 0.03100024785060412 0.0) 
(0.06773089561892466 0.030509739358867798 0.0) 
(0.0790232245662709 0.02855169944894667 0.0) 
(0.08783313116275794 0.023283388692380256 0.0) 
(0.08971806242855053 0.011457346340549313 0.0) 
(0.010514020016135857 0.006441607211634796 0.0) 
(0.010489045185703932 0.013461364488667549 0.0) 
(0.01911773138597408 0.01720874963011755 0.0) 
(0.030893858929149063 0.01883635693819017 0.0) 
(0.04361731692110368 0.019342401808393375 0.0) 
(0.056473845768607554 0.01932350752827234 0.0) 
(0.06918180563796998 0.018782902292767627 0.0) 
(0.08092672396426946 0.017136822339053323 0.0) 
(0.08952658888020618 0.013401916294775261 0.0) 
(0.08943357373222131 0.006426667121909827 0.0) 
(0.010742223942145915 0.002064673485508184 0.0) 
(0.009949052153719351 0.0044192138638905944 0.0) 
(0.018264298776562035 0.0057233799606226324 0.0) 
(0.030186246049823926 0.006347946326783918 0.0) 
(0.04333418790652853 0.006556558881920342 0.0) 
(0.056717024749199825 0.006544026213284024 0.0) 
(0.06985148131825561 0.006314051433241654 0.0) 
(0.08175244896862782 0.005679115774752114 0.0) 
(0.09005220584977122 0.00438429818720641 0.0) 
(0.08926174495425432 0.0020498388724797265 0.0) 
(0.01076891183116915 -0.0020392929612320413 0.0) 
(0.009952873556526761 -0.00442004693535142 0.0) 
(0.018267309736502344 -0.005743979458953572 0.0) 
(0.03018535560252628 -0.006378631971484426 0.0) 
(0.04332768649622179 -0.006599852667307626 0.0) 
(0.05670543069087922 -0.006606623194034288 0.0) 
(0.06983714351498614 -0.0063971148992206595 0.0) 
(0.0817390580570447 -0.0057696062623887445 0.0) 
(0.09004600427201973 -0.004449350224067851 0.0) 
(0.08923501151535496 -0.002058299442072202 0.0) 
(0.01053835885567542 -0.006419720215831043 0.0) 
(0.010509819778552372 -0.013469491009885082 0.0) 
(0.019131018163441985 -0.017225235768166793 0.0) 
(0.030891968530541086 -0.018855714347386372 0.0) 
(0.04359849299891515 -0.019373825066620394 0.0) 
(0.056438780244209015 -0.019376203537847723 0.0) 
(0.06913663229400473 -0.018862467048786646 0.0) 
(0.08088408259395831 -0.017233987333306566 0.0) 
(0.08949255650675225 -0.013485871152866032 0.0) 
(0.0894316669091504 -0.006442404904174 0.0) 
(0.010445126094997441 -0.011480428577286978 0.0) 
(0.012287097984503115 -0.023411400968708654 0.0) 
(0.021108921114857588 -0.02866235676427905 0.0) 
(0.032402717062577954 -0.030576849563891045 0.0) 
(0.04414767514626035 -0.03102971655081052 0.0) 
(0.05590996299564465 -0.03102963147997998 0.0) 
(0.06765091684871692 -0.030576886583008518 0.0) 
(0.07893757705270164 -0.028661220654307127 0.0) 
(0.08777275173307504 -0.023398435775891235 0.0) 
(0.08957078601808628 -0.01148953236569297 0.0) 
(0.013158588696488865 -0.01948307266120976 0.0) 
(0.01573570049160195 -0.03463693725090408 0.0) 
(0.02454261405221272 -0.03998055298729196 0.0) 
(0.03454105849452238 -0.04100467969052145 0.0) 
(0.04487355898213987 -0.04106978801602823 0.0) 
(0.055203454379117965 -0.041074863847734816 0.0) 
(0.06554544555092733 -0.04101183370170487 0.0) 
(0.07556060953619484 -0.03998100016760468 0.0) 
(0.08436580462383522 -0.034629444121525514 0.0) 
(0.08719330435727991 -0.01944703407788106 0.0) 
(0.01784240315678929 -0.028990653784682532 0.0) 
(0.022415822411572174 -0.04698378429414336 0.0) 
(0.02796239004186498 -0.04833309754189259 0.0) 
(0.03623409600170456 -0.048312187484472024 0.0) 
(0.04535002035233736 -0.04793091575278725 0.0) 
(0.05474013656875331 -0.04794332624203699 0.0) 
(0.06385569268754783 -0.048342364850082725 0.0) 
(0.07212341213439324 -0.048349261892654156 0.0) 
(0.07769395405630769 -0.04698694400546376 0.0) 
(0.08218552073421428 -0.028909005740534267 0.0) 
)
;

boundaryField
{
	bottom
	{
		type	solidTraction;
		value	nonuniform List<vector>
10
(
(0.02045432970225403 0.03467477193007388 0.0) 
(0.025369306695129743 0.04829343049702945 0.0) 
(0.030290656615450124 0.05248235908242201 0.0) 
(0.03728106348692215 0.051966374970465905 0.0) 
(0.045688649617274084 0.05144598010242147 0.0) 
(0.054497102764329286 0.05145107807144079 0.0) 
(0.06291045707002879 0.05195701218206916 0.0) 
(0.06992567474775459 0.05237057561236681 0.0) 
(0.07503134345404093 0.04800209611764374 0.0) 
(0.08036912091312595 0.034415079684634184 0.0) 
)
;
	}
	top
	{
		type	solidTraction;
		value	nonuniform List<vector>
10
(
(0.020423384723771594 -0.03473616160844833 0.0) 
(0.025383379459037583 -0.04826914943079406 0.0) 
(0.030308952509270532 -0.05242565188264032 0.0) 
(0.03727240886413874 -0.051892541103344195 0.0) 
(0.04565652961589881 -0.05136469442645337 0.0) 
(0.05443967808561823 -0.05137959160574672 0.0) 
(0.06281805462864144 -0.051926553021595726 0.0) 
(0.06977714946389353 -0.05245051894754982 0.0) 
(0.07467230166574751 -0.048257133279581255 0.0) 
(0.07956032479451808 -0.034653108226128854 0.0) 
)
;
	}
	left
	{
		type	fixedValue;
		value	uniform (0.0 0.0 0.0);
	}
	right
	{
		type	fixedValue;
		value	uniform (0.1 0.0 0.0);
	}
	frontAndBackPlanes
	{
		type	empty;
	}
}
