/*
 _____     _____     _____ _____ _____ _____    |  High-order Python FOAM
|  |  |___|  _  |_ _|   __|     |  _  |     |   |  Python Version: 3.10
|     | . |   __| | |   __|  |  |     | | | |   |  Code Version: 0.0
|__|__|___|__|  |_  |__|  |_____|__|__|_|_|_|   |  License: GPLv3
                |___|
*/
FoamFile
{
    version     2.0;
    format      ascii;
    class       volVectorField;
    location    "23.0";
    object     U;
}

dimensions      [0 1 0 0 0 0 0]; 

internalField   nonuniform List<vector>
100
(
(0.01791166336595093 0.029330951795865035 0.0) 
(0.022450058740440454 0.047331825059929486 0.0) 
(0.028148723403713775 0.04875518044540294 0.0) 
(0.03643501866719116 0.04898827783041477 0.0) 
(0.045462986812449376 0.04879303577794097 0.0) 
(0.05472296788454683 0.04879343159909974 0.0) 
(0.06375637392739704 0.048964262201188206 0.0) 
(0.0720769661703862 0.04866752873730022 0.0) 
(0.07775283889332003 0.046975603227432404 0.0) 
(0.0828125046499564 0.029122887373760894 0.0) 
(0.013013343452733707 0.019722433761325858 0.0) 
(0.01574083437289485 0.03501087069345771 0.0) 
(0.024607509744621222 0.04043620624484017 0.0) 
(0.03463124729490762 0.04159297468993983 0.0) 
(0.04494424581574935 0.04175561067742801 0.0) 
(0.05524106081129063 0.041738624016893974 0.0) 
(0.06556833798825296 0.04152899108859768 0.0) 
(0.07560315074491096 0.0402906215019286 0.0) 
(0.08445764572053821 0.034791012659066534 0.0) 
(0.08700978112089212 0.01964550149506628 0.0) 
(0.010450764275965498 0.011644157524535662 0.0) 
(0.012247713702964281 0.023675862737410708 0.0) 
(0.021129464529102925 0.029004421506571985 0.0) 
(0.03245802869994384 0.030977552678094065 0.0) 
(0.044200349632001576 0.03146555032087224 0.0) 
(0.05594562485805827 0.0314420451616269 0.0) 
(0.06767888685064152 0.030904746702631963 0.0) 
(0.07897880233732861 0.028885869355435967 0.0) 
(0.08780529882505601 0.023564771433441725 0.0) 
(0.08960402941482985 0.011618600303231903 0.0) 
(0.010631129116720574 0.006539975124012048 0.0) 
(0.010472721699125652 0.013635660211139376 0.0) 
(0.019123061281048057 0.01741995262066633 0.0) 
(0.030922062487589323 0.019071890384302303 0.0) 
(0.04363257459291931 0.019593876161886892 0.0) 
(0.05646010278207437 0.019574141742466227 0.0) 
(0.06915500454576709 0.019016043363813705 0.0) 
(0.08092222806853236 0.017344727078847055 0.0) 
(0.08954302162675269 0.013573285703758126 0.0) 
(0.08931470457634053 0.006524234127756841 0.0) 
(0.010859074851779551 0.0020976223879053033 0.0) 
(0.009916132430079065 0.004478802521724579 0.0) 
(0.018246667276571652 0.005794846330056555 0.0) 
(0.030198536679629063 0.00642621085106164 0.0) 
(0.043343761555322866 0.006638342758489985 0.0) 
(0.056707956131163896 0.006625272149416426 0.0) 
(0.06983951913390098 0.00639084704662446 0.0) 
(0.0817700605176397 0.005748624003035976 0.0) 
(0.09008483349552954 0.004442254532759523 0.0) 
(0.08914507464759543 0.002082090957888014 0.0) 
(0.010886759400205623 -0.002070555665624327 0.0) 
(0.009920084492644799 -0.004477619085523005 0.0) 
(0.018249816829795307 -0.005813220738998614 0.0) 
(0.030197668484544842 -0.006454590135382227 0.0) 
(0.04333707472390089 -0.006679682380207926 0.0) 
(0.05669595337844304 -0.006686737136267548 0.0) 
(0.06982464011256428 -0.0064738514498992854 0.0) 
(0.08175615755736437 -0.005839918047017834 0.0) 
(0.0900783957203419 -0.004508094964798681 0.0) 
(0.08911736821285493 -0.002090312857459948 0.0) 
(0.010656324751559131 -0.006516415953651068 0.0) 
(0.0104941538254438 -0.013641748497041856 0.0) 
(0.019136882781894148 -0.017433892301877744 0.0) 
(0.030920286504614 -0.019088397153279563 0.0) 
(0.04361321809362876 -0.01962279557410874 0.0) 
(0.056423826421268794 -0.019625261244853615 0.0) 
(0.06910811954689006 -0.01909538222559724 0.0) 
(0.08087797433173725 -0.017442939823106324 0.0) 
(0.08950783222980675 -0.013658647342382984 0.0) 
(0.0893126051160639 -0.006539983389918183 0.0) 
(0.01056446411643844 -0.011642042392359631 0.0) 
(0.012318105260790637 -0.023695913318315706 0.0) 
(0.021157068669061457 -0.028998221238837524 0.0) 
(0.03245784299765413 -0.03097115331748541 0.0) 
(0.044171316520604464 -0.031469068713003236 0.0) 
(0.0558864202426338 -0.031468841070142944 0.0) 
(0.06759602324547857 -0.030971004290917998 0.0) 
(0.07888995752638736 -0.028996810893817896 0.0) 
(0.08774292506964479 -0.02368228572209603 0.0) 
(0.08945222750271525 -0.01165166461492818 0.0) 
(0.013365481135685971 -0.019766821416104224 0.0) 
(0.0158191261219276 -0.03499893508215538 0.0) 
(0.024642798082927294 -0.04040477366467412 0.0) 
(0.03463148272439338 -0.041554016104106584 0.0) 
(0.044909303305824 -0.04171978588205758 0.0) 
(0.05516819956486307 -0.041724688109085716 0.0) 
(0.06545572769969132 -0.041560634219476554 0.0) 
(0.07546161402510058 -0.04040476409948987 0.0) 
(0.0842844791005661 -0.03499110754035621 0.0) 
(0.08699755444697903 -0.019729186769879815 0.0) 
(0.01793073858020884 -0.02940214266879004 0.0) 
(0.022522731851899323 -0.04728486024914195 0.0) 
(0.028168161257707377 -0.048704668440912764 0.0) 
(0.03642974888627057 -0.04891761167687129 0.0) 
(0.04543020911020525 -0.0487209281182047 0.0) 
(0.05465986961579682 -0.04873264508260253 0.0) 
(0.06366081610207089 -0.04894658492687621 0.0) 
(0.07191943855623825 -0.048720354150380146 0.0) 
(0.07759030429677345 -0.04728910113381009 0.0) 
(0.08209782007276471 -0.029317665710358144 0.0) 
)
;

boundaryField
{
	bottom
	{
		type	solidTraction;
		value	nonuniform List<vector>
10
(
(0.02052530284035489 0.03511267059264269 0.0) 
(0.0255009099293903 0.04865839132151751 0.0) 
(0.03052288770230091 0.05289967912022357 0.0) 
(0.03750563320528481 0.0526257985787747 0.0) 
(0.04578107669901114 0.05230406602836974 0.0) 
(0.054406183684540026 0.05230711503090262 0.0) 
(0.0626896375230876 0.052611640679991196 0.0) 
(0.06969978153326295 0.05278170446386896 0.0) 
(0.07491033693512869 0.048355366979655215 0.0) 
(0.08032159373615015 0.034838111746253224 0.0) 
)
;
	}
	top
	{
		type	solidTraction;
		value	nonuniform List<vector>
10
(
(0.020491061526284295 -0.03517488024274304 0.0) 
(0.025513412527363034 -0.04862855199065798 0.0) 
(0.03054082214810323 -0.05283445284753629 0.0) 
(0.03749697752297464 -0.05254355735474704 0.0) 
(0.04574868647230995 -0.05221582883255088 0.0) 
(0.05434736111515682 -0.05223000019501123 0.0) 
(0.06259433108803894 -0.05257629061668632 0.0) 
(0.06954745117788404 -0.05285897945776202 0.0) 
(0.0745439522671458 -0.04861652311026133 0.0) 
(0.07949202965985151 -0.035089214195487224 0.0) 
)
;
	}
	left
	{
		type	fixedValue;
		value	uniform (0.0 0.0 0.0);
	}
	right
	{
		type	fixedValue;
		value	uniform (0.1 0.0 0.0);
	}
	frontAndBackPlanes
	{
		type	empty;
	}
}
