/*
 _____     _____     _____ _____ _____ _____    |  High-order Python FOAM
|  |  |___|  _  |_ _|   __|     |  _  |     |   |  Python Version: 3.10
|     | . |   __| | |   __|  |  |     | | | |   |  Code Version: 0.0
|__|__|___|__|  |_  |__|  |_____|__|__|_|_|_|   |  License: GPLv3
                |___|
*/
FoamFile
{
    version     2.0;
    format      ascii;
    class       volVectorField;
    location    "53.0";
    object     U;
}

dimensions      [0 1 0 0 0 0 0]; 

internalField   nonuniform List<vector>
100
(
(0.01623533377925809 0.03487596875051322 0.0) 
(0.02058987060493006 0.046834492418171406 0.0) 
(0.02855784377253257 0.04734556146697113 0.0) 
(0.037348455401184276 0.049578783617952905 0.0) 
(0.04591683071571703 0.051019019140769534 0.0) 
(0.05436591912422988 0.05100926851935349 0.0) 
(0.06295576267964846 0.0495393750825237 0.0) 
(0.07181732321831032 0.047298525235697456 0.0) 
(0.07962617379361014 0.04640482068597415 0.0) 
(0.08474561684379463 0.03436499624125812 0.0) 
(0.015214661742237212 0.02284138773164058 0.0) 
(0.015258039572090099 0.03595519728607869 0.0) 
(0.024693492559001818 0.04013443976648502 0.0) 
(0.03500163557344504 0.04188719154946368 0.0) 
(0.04513359184853897 0.042842006982038085 0.0) 
(0.055149872495252605 0.04281971979871261 0.0) 
(0.06529913782656344 0.04181066597783243 0.0) 
(0.07561261298587969 0.03995585607136175 0.0) 
(0.08504543264276024 0.03561374392986978 0.0) 
(0.08487808468711534 0.022715830919015415 0.0) 
(0.0112556417991132 0.012714649407922583 0.0) 
(0.011391260673544578 0.02426926156168579 0.0) 
(0.021110503145174705 0.028738953800885068 0.0) 
(0.032836750764771855 0.030633602100233307 0.0) 
(0.04440379180759619 0.03135263745925133 0.0) 
(0.05582252083208429 0.03132347902278543 0.0) 
(0.06738188732164946 0.030540548991236666 0.0) 
(0.07907343061353728 0.02857153846276209 0.0) 
(0.08870142012545656 0.024095075881648723 0.0) 
(0.08882547657268333 0.012668373594477757 0.0) 
(0.011315040680408556 0.007067835068160825 0.0) 
(0.008966384086325229 0.013844274971228454 0.0) 
(0.01877386125334045 0.0172222656212597 0.0) 
(0.03121964426863296 0.018676439210533476 0.0) 
(0.04383111632105846 0.01919670037720912 0.0) 
(0.056325444941391 0.01917193422380443 0.0) 
(0.06891714309641546 0.01860328122916393 0.0) 
(0.08131586215535322 0.01711737428325853 0.0) 
(0.09107176726943515 0.01375105336524678 0.0) 
(0.0886376792045086 0.007048211292216553 0.0) 
(0.011456993422450221 0.00225894461859022 0.0) 
(0.008155808886328237 0.004545128083551649 0.0) 
(0.01767313642203345 0.005722439967191029 0.0) 
(0.030403435763547745 0.00627548494588559 0.0) 
(0.043521029937606245 0.006465961002808171 0.0) 
(0.056580958569630295 0.006450797653488825 0.0) 
(0.06967778208466564 0.006233463035514266 0.0) 
(0.08237255125171555 0.005665276334582544 0.0) 
(0.09185742046973208 0.004498200561817954 0.0) 
(0.08855373590778073 0.002239377100301124 0.0) 
(0.011488713638937663 -0.002210897686455146 0.0) 
(0.008157403734091503 -0.004533037428783544 0.0) 
(0.017675476244100558 -0.005733013648189861 0.0) 
(0.030401944555391462 -0.0062936500900260236 0.0) 
(0.043511643098881475 -0.006494465171602614 0.0) 
(0.05656318805684095 -0.0064998558657189485 0.0) 
(0.06965491389883213 -0.0063086389648150994 0.0) 
(0.08235129974303322 -0.005755023771505063 0.0) 
(0.09184815785067829 -0.004562198995845432 0.0) 
(0.08852007279694057 -0.002234302870635175 0.0) 
(0.01135067888644487 -0.007023464348213175 0.0) 
(0.008981333867645875 -0.013840620841889832 0.0) 
(0.018787056388710394 -0.01722767315322665 0.0) 
(0.031216447376020817 -0.018678776659318243 0.0) 
(0.04380335596488018 -0.01920762373056083 0.0) 
(0.05627129032973761 -0.019205326318116642 0.0) 
(0.06884378242710461 -0.018672129913924848 0.0) 
(0.08124678627711426 -0.01721760007498466 0.0) 
(0.09102458045208447 -0.013844171476340041 0.0) 
(0.08862336416360192 -0.007054975234741627 0.0) 
(0.011386700485839847 -0.012700875643047478 0.0) 
(0.01146337972546711 -0.024285173686178285 0.0) 
(0.021139316944160668 -0.02871671221141066 0.0) 
(0.03283334878801534 -0.030602523896957647 0.0) 
(0.0443599133795226 -0.031327371956540305 0.0) 
(0.05573209076215662 -0.03132041839966526 0.0) 
(0.06725181477739577 -0.030583118533663353 0.0) 
(0.07892971054188597 -0.028686058293669554 0.0) 
(0.08861098379809511 -0.024238023377227504 0.0) 
(0.08864413654856661 -0.012716052571412902 0.0) 
(0.01567974181242274 -0.02293033349560062 0.0) 
(0.015332851621304534 -0.03592770892360086 0.0) 
(0.024727074375887486 -0.04006799048367705 0.0) 
(0.0349903576206895 -0.04180560988045499 0.0) 
(0.04507190530321556 -0.04276224813660589 0.0) 
(0.05503275744920773 -0.042759768454415474 0.0) 
(0.0651200635683267 -0.04179033887777712 0.0) 
(0.07539479588147621 -0.04003355053040918 0.0) 
(0.08478289536227543 -0.03588233781662929 0.0) 
(0.08480650357455612 -0.022838290994504414 0.0) 
(0.01623074611286775 -0.03500652937846996 0.0) 
(0.020661333990109988 -0.04676051927970306 0.0) 
(0.0285580288602195 -0.04724679358419009 0.0) 
(0.037322902507476066 -0.04945008378419542 0.0) 
(0.045850389372226456 -0.05089617437865927 0.0) 
(0.05424590537445091 -0.050894845695754976 0.0) 
(0.06277698354172995 -0.049447167935728606 0.0) 
(0.07154211410885569 -0.04722042689429699 0.0) 
(0.07948448452089667 -0.04672102036810262 0.0) 
(0.08380316981884472 -0.03483097465850998 0.0) 
)
;

boundaryField
{
	bottom
	{
		type	solidTraction;
		value	nonuniform List<vector>
10
(
(0.017740192117776422 0.04087343675234075 0.0) 
(0.023467708316405673 0.049291795929218625 0.0) 
(0.03063093334062369 0.051652126126568894 0.0) 
(0.038474581086911486 0.05331081970744355 0.0) 
(0.0462858474221523 0.05479767779886227 0.0) 
(0.054002131965517064 0.05479255799551446 0.0) 
(0.061845329478102846 0.05329805750157443 0.0) 
(0.06972021459723937 0.05156901971032873 0.0) 
(0.0770469854352087 0.048877021194841656 0.0) 
(0.0833728011465242 0.04025528870901753 0.0) 
)
;
	}
	top
	{
		type	solidTraction;
		value	nonuniform List<vector>
10
(
(0.01766034509665467 -0.040996079945749074 0.0) 
(0.02345474684141051 -0.04924866859347505 0.0) 
(0.030626122374158217 -0.05153476039874111 0.0) 
(0.0384383859784082 -0.05316709645004928 0.0) 
(0.04621363134580873 -0.054652446688411946 0.0) 
(0.053879142205327434 -0.054652553679043404 0.0) 
(0.061655456687448935 -0.05316461311534531 0.0) 
(0.06947639061866145 -0.05151353738812196 0.0) 
(0.07661768963456961 -0.04917365195902654 0.0) 
(0.0823151747992646 -0.04080770575938011 0.0) 
)
;
	}
	left
	{
		type	fixedValue;
		value	uniform (0.0 0.0 0.0);
	}
	right
	{
		type	fixedValue;
		value	uniform (0.1 0.0 0.0);
	}
	frontAndBackPlanes
	{
		type	empty;
	}
}
