/*
 _____     _____     _____ _____ _____ _____    |  High-order Python FOAM
|  |  |___|  _  |_ _|   __|     |  _  |     |   |  Python Version: 3.10
|     | . |   __| | |   __|  |  |     | | | |   |  Code Version: 0.0
|__|__|___|__|  |_  |__|  |_____|__|__|_|_|_|   |  License: GPLv3
                |___|
*/
FoamFile
{
    version     2.0;
    format      ascii;
    class       volVectorField;
    location    "18.0";
    object     U;
}

dimensions      [0 1 0 0 0 0 0]; 

internalField   nonuniform List<vector>
100
(
(0.017401441059299565 0.027110949728341875 0.0) 
(0.021848785639937755 0.045948861613605764 0.0) 
(0.0270418551518553 0.04757080894483491 0.0) 
(0.035374048535897186 0.047044622760416564 0.0) 
(0.04502246235312344 0.0461354526612374 0.0) 
(0.055150679886410765 0.046140506156368534 0.0) 
(0.06479698233234221 0.04703218754159169 0.0) 
(0.0731489390965966 0.047493682816765984 0.0) 
(0.07833002596597657 0.04564390688794341 0.0) 
(0.08320792988461558 0.026958520943176745 0.0) 
(0.011648717082558787 0.018057235663003914 0.0) 
(0.014891460434005846 0.03297367520147117 0.0) 
(0.023655044266195368 0.03833027102267801 0.0) 
(0.0338345988737462 0.039090516461584436 0.0) 
(0.044633044794289194 0.03887786262527704 0.0) 
(0.05553748818685105 0.038865273664048475 0.0) 
(0.06634645262738963 0.039039699587964646 0.0) 
(0.07653234497300891 0.038210209352409076 0.0) 
(0.08527676778031651 0.03279631546453079 0.0) 
(0.08836381099752322 0.017996473810514314 0.0) 
(0.00941337169288313 0.01056710825694724 0.0) 
(0.011496720311753012 0.021870171840605433 0.0) 
(0.020270298190850206 0.027021841888578525 0.0) 
(0.03171434800622401 0.02881784736273027 0.0) 
(0.04390639697357147 0.029156153764084855 0.0) 
(0.05623225918374978 0.02913694556990973 0.0) 
(0.06841269755400599 0.028758367711416124 0.0) 
(0.07982684877980813 0.026926220230896886 0.0) 
(0.08855135679584528 0.021782875385229463 0.0) 
(0.09063082458924668 0.0105488356859543 0.0) 
(0.00944256361103813 0.005841861673869605 0.0) 
(0.009856632730003987 0.012444425567273912 0.0) 
(0.018393412551864448 0.016059580607295527 0.0) 
(0.030256512591147332 0.017641356764091894 0.0) 
(0.04336413283415097 0.018121061676424365 0.0) 
(0.05672830654732288 0.018104864030798123 0.0) 
(0.06981962671269525 0.01759584018861206 0.0) 
(0.08165199935536027 0.015999002378146655 0.0) 
(0.09016122712064657 0.012395269577125338 0.0) 
(0.09051886538059174 0.005829832018850378 0.0) 
(0.009597668765025021 0.0018572557722619787 0.0) 
(0.009333730627772721 0.004059038205834814 0.0) 
(0.017598587133005713 0.005315972225808853 0.0) 
(0.029592029410133724 0.00592761925108458 0.0) 
(0.04309667634658046 0.006133729532064429 0.0) 
(0.0569599888468677 0.006123150158078191 0.0) 
(0.0704507980802823 0.005899080726795603 0.0) 
(0.0824229288067929 0.005278887165511387 0.0) 
(0.09067125670511476 0.0040297067249716705 0.0) 
(0.09040394631316055 0.0018446091209695118 0.0) 
(0.009616850473331374 -0.0018363194365157167 0.0) 
(0.009336192179934156 -0.004063197389283216 0.0) 
(0.017600088595434316 -0.005338111892290155 0.0) 
(0.029590277389963855 -0.005958278778533233 0.0) 
(0.043090378222146015 -0.0061745201761080615 0.0) 
(0.056949767492229575 -0.006179871088747251 0.0) 
(0.07043867431589029 -0.005972952336487235 0.0) 
(0.08241200250589924 -0.005358699836659216 0.0) 
(0.09066650195288473 -0.004087071781217775 0.0) 
(0.09038481495148307 -0.0018522023166430764 0.0) 
(0.00946385812489152 -0.00582481380483006 0.0) 
(0.009871368668646617 -0.012456769631645184 0.0) 
(0.018401654613740506 -0.01607964546901637 0.0) 
(0.030251876789338956 -0.01766327362002972 0.0) 
(0.043345852553821534 -0.018152250145948495 0.0) 
(0.05669736265544525 -0.018153286659785245 0.0) 
(0.06978149829519309 -0.01766659266594806 0.0) 
(0.08161697467248064 -0.016084368644210877 0.0) 
(0.09013441112009087 -0.012468937830040688 0.0) 
(0.09051685236047964 -0.005843600153000658 0.0) 
(0.009498079680105884 -0.010570019593391598 0.0) 
(0.011550727664965017 -0.02189844576244578 0.0) 
(0.020287971670095162 -0.027028429986340276 0.0) 
(0.031709367370319756 -0.02882349008589836 0.0) 
(0.04387836742663798 -0.029167466517136555 0.0) 
(0.05618160928274246 -0.029165729807709526 0.0) 
(0.06834479474522903 -0.02881873774586109 0.0) 
(0.0797560681459929 -0.027021833417681426 0.0) 
(0.08850223705634236 -0.02188378731677942 0.0) 
(0.0905142977230977 -0.010576390091726003 0.0) 
(0.01193405684393496 -0.018100573626961828 0.0) 
(0.014951883349995906 -0.0329811653671782 0.0) 
(0.02367913926476302 -0.03832347153416974 0.0) 
(0.033829551319669936 -0.039073160724504105 0.0) 
(0.04460000308040464 -0.03885755896263339 0.0) 
(0.05547422134033208 -0.03885951035788709 0.0) 
(0.06625268695368906 -0.039072086708226386 0.0) 
(0.07641626533790277 -0.03831263757384929 0.0) 
(0.08513592154106993 -0.032964653532431665 0.0) 
(0.0883560998362086 -0.018066907159433376 0.0) 
(0.017423306731635727 -0.02717733385118309 0.0) 
(0.02190974596743189 -0.04593702859380604 0.0) 
(0.02705201461900827 -0.047555970193881116 0.0) 
(0.03536018977134553 -0.04700480783440293 0.0) 
(0.044986585945879565 -0.04608396118619656 0.0) 
(0.05509408811740286 -0.04609291533191033 0.0) 
(0.06471825304058651 -0.047022970011018926 0.0) 
(0.07302128030015255 -0.04755185122207796 0.0) 
(0.0781853594738575 -0.045915630100637574 0.0) 
(0.08260612691165144 -0.027102702969765764 0.0) 
)
;

boundaryField
{
	bottom
	{
		type	solidTraction;
		value	nonuniform List<vector>
10
(
(0.020273111115150566 0.032908814004712274 0.0) 
(0.024953265296956937 0.04727748453420561 0.0) 
(0.02946834163063085 0.05187242668102873 0.0) 
(0.03643882222156892 0.05087750127472399 0.0) 
(0.045331187722073646 0.049805918433214205 0.0) 
(0.05484238035457544 0.04981319525587662 0.0) 
(0.06373340800426704 0.050872232582173244 0.0) 
(0.0707203066459158 0.05176953045139802 0.0) 
(0.0753990164515276 0.047023239540936616 0.0) 
(0.0804424024173668 0.03270132201492128 0.0) 
)
;
	}
	top
	{
		type	solidTraction;
		value	nonuniform List<vector>
10
(
(0.020254675522332885 -0.03297202595596839 0.0) 
(0.024966639483758615 -0.047279492008090784 0.0) 
(0.02947763387325083 -0.05184819920940113 0.0) 
(0.036421048016770645 -0.050829922795433954 0.0) 
(0.04529429179963548 -0.0497418793561299 0.0) 
(0.054788635980766956 -0.04975249184580376 0.0) 
(0.06365476407079348 -0.05084962248993697 0.0) 
(0.07059358249993794 -0.05184857327448664 0.0) 
(0.07508385309956245 -0.04724610289884053 0.0) 
(0.07973979344632712 -0.032891005802318955 0.0) 
)
;
	}
	left
	{
		type	fixedValue;
		value	uniform (0.0 0.0 0.0);
	}
	right
	{
		type	fixedValue;
		value	uniform (0.1 0.0 0.0);
	}
	frontAndBackPlanes
	{
		type	empty;
	}
}
