/*
 _____     _____     _____ _____ _____ _____    |  High-order Python FOAM
|  |  |___|  _  |_ _|   __|     |  _  |     |   |  Python Version: 3.10
|     | . |   __| | |   __|  |  |     | | | |   |  Code Version: 0.0
|__|__|___|__|  |_  |__|  |_____|__|__|_|_|_|   |  License: GPLv3
                |___|
*/
FoamFile
{
    version     2.0;
    format      ascii;
    class       volVectorField;
    location    "55.0";
    object     U;
}

dimensions      [0 1 0 0 0 0 0]; 

internalField   nonuniform List<vector>
100
(
(0.016147597568116706 0.035039905738326445 0.0) 
(0.020533277127802264 0.046777353849161984 0.0) 
(0.028566050221482297 0.04728397321883418 0.0) 
(0.03735935043191463 0.049558359700519354 0.0) 
(0.045920591635062104 0.05101519236503977 0.0) 
(0.0543658668280881 0.05100507627304096 0.0) 
(0.06294948163688796 0.04951852951451855 0.0) 
(0.07181611688595631 0.04724026897722865 0.0) 
(0.07968256411701487 0.046348107669554696 0.0) 
(0.08484193316571005 0.03451550916566398 0.0) 
(0.015298354569821466 0.022966011301699195 0.0) 
(0.01523444779772919 0.03596500020778915 0.0) 
(0.024699419126165363 0.04010291379539269 0.0) 
(0.035013780665917656 0.04186719329889664 0.0) 
(0.045138514270415694 0.042834894505030884 0.0) 
(0.05514832065035793 0.042812484879469564 0.0) 
(0.06529074018200672 0.04179062206014082 0.0) 
(0.0756104071696627 0.03992409861819492 0.0) 
(0.08507335231279192 0.03561930447630513 0.0) 
(0.0847978864607244 0.022838585855405397 0.0) 
(0.011295183533805127 0.012753793019687492 0.0) 
(0.011364531717209862 0.02427990701574522 0.0) 
(0.02112140041974339 0.02871329473049984 0.0) 
(0.032856058198180466 0.0306029706279102 0.0) 
(0.04441157207762782 0.0313266998486104 0.0) 
(0.05581727593528894 0.03129744775929694 0.0) 
(0.0673653156510425 0.03050953287571596 0.0) 
(0.0790653646806449 0.02854443746973648 0.0) 
(0.08872970935729367 0.0241034390448798 0.0) 
(0.08878722914135903 0.012706576056194154 0.0) 
(0.011350519843263481 0.00708940847390474 0.0) 
(0.008918348516124957 0.013847052811555216 0.0) 
(0.01878031939513285 0.017208078937393265 0.0) 
(0.03124216221008916 0.018655197198052413 0.0) 
(0.043840909892210414 0.01917562597928606 0.0) 
(0.05631748142772431 0.019150771262409674 0.0) 
(0.06889642521662528 0.0185816354882004 0.0) 
(0.08131079940029737 0.017102318424318464 0.0) 
(0.0911205173386014 0.01375278611038233 0.0) 
(0.08860278523042417 0.007069745588707955 0.0) 
(0.011491057638933683 0.0022656556803276554 0.0) 
(0.00810031576155777 0.004546544933545935 0.0) 
(0.01767523175940719 0.00571815223980183 0.0) 
(0.03042626087357968 0.006268698940796583 0.0) 
(0.0435314549445372 0.006458762007696705 0.0) 
(0.056571853148489525 0.006443581654452915 0.0) 
(0.06965609392629377 0.006226590644995662 0.0) 
(0.08237118082129194 0.005660778552753944 0.0) 
(0.0919131633797003 0.0044994037748164115 0.0) 
(0.08852020074510207 0.0022460528605649874 0.0) 
(0.011522977832910253 -0.002216675822567475 0.0) 
(0.008101800269892346 -0.004534218520599143 0.0) 
(0.017677559667675254 -0.005728793476856923 0.0) 
(0.030424775405768947 -0.0062869320311697684 0.0) 
(0.0435219944138516 -0.006487253452176319 0.0) 
(0.05655390005505159 -0.006492555530759146 0.0) 
(0.069632952155614 -0.006301667238884506 0.0) 
(0.08234966171666465 -0.005750457515588385 0.0) 
(0.09190380636203614 -0.004563140493144172 0.0) 
(0.08848621143031091 -0.0022401227197341366 0.0) 
(0.011386570407031235 -0.007044088878478966 0.0) 
(0.0089329975763688 -0.013843200378759538 0.0) 
(0.018793575123196692 -0.017213530430526994 0.0) 
(0.03123899264414625 -0.01865745322636427 0.0) 
(0.043812907740646306 -0.019186375106005373 0.0) 
(0.05626275631645609 -0.019183924011689977 0.0) 
(0.06882214236689708 -0.01865030787653619 0.0) 
(0.0812407815108164 -0.01720263566413877 0.0) 
(0.09107287675074545 -0.013846081661775185 0.0) 
(0.08858779269137791 -0.007075891902630499 0.0) 
(0.011427103578683298 -0.01273934486625095 0.0) 
(0.011436738819862688 -0.024295843991076697 0.0) 
(0.021150383850584906 -0.02869067228080899 0.0) 
(0.0328526489090872 -0.030571373832998894 0.0) 
(0.044367221414060534 -0.03130089630279088 0.0) 
(0.055725818565872075 -0.03129381203927997 0.0) 
(0.06723357375483484 -0.03055148374344821 0.0) 
(0.07891945936014164 -0.028659072720695563 0.0) 
(0.08863807946108661 -0.024247350108778744 0.0) 
(0.08860452367178924 -0.012754860409674806 0.0) 
(0.015768487103859988 -0.023057171081631318 0.0) 
(0.015308998370009217 -0.03593677712759883 0.0) 
(0.024733126900226082 -0.04003520220414523 0.0) 
(0.03500224668108457 -0.041784285112315876 0.0) 
(0.04507595304294946 -0.04275400229389292 0.0) 
(0.05502963698710752 -0.04275149372363986 0.0) 
(0.06510911150341281 -0.04176882050553496 0.0) 
(0.07538949460440596 -0.04000013562828338 0.0) 
(0.08480705220201905 -0.03589039688015602 0.0) 
(0.0847233597700695 -0.022962486921670563 0.0) 
(0.01614170246822536 -0.03517302153205238 0.0) 
(0.020605103521696824 -0.046702056627853795 0.0) 
(0.02856576601470446 -0.04718349229929762 0.0) 
(0.03733329720388389 -0.04942771799410486 0.0) 
(0.045853106811678396 -0.05089091322552786 0.0) 
(0.05424389156241699 -0.05088959269800541 0.0) 
(0.06276719472260478 -0.04942479466479982 0.0) 
(0.07153479339475163 -0.047156737396341776 0.0) 
(0.07954184503938917 -0.04666183227498258 0.0) 
(0.08389176799596368 -0.03499344499936192 0.0) 
)
;

boundaryField
{
	bottom
	{
		type	solidTraction;
		value	nonuniform List<vector>
10
(
(0.017610113451782802 0.0410282280304156 0.0) 
(0.023391927067715815 0.04927119619013241 0.0) 
(0.030625195454563388 0.05158350044182121 0.0) 
(0.03848343769209154 0.05328288824097591 0.0) 
(0.04628995480745032 0.05479199657700714 0.0) 
(0.05400214285569824 0.054786576683926995 0.0) 
(0.06184194693813813 0.053270620654671336 0.0) 
(0.0697319465363646 0.05150396133848697 0.0) 
(0.07712597702078013 0.04885449297370974 0.0) 
(0.0835111681760766 0.04039560062883884 0.0) 
)
;
	}
	top
	{
		type	solidTraction;
		value	nonuniform List<vector>
10
(
(0.017528044795108857 -0.04115335828464842 0.0) 
(0.023378212599493627 -0.04922743099239099 0.0) 
(0.030619889491521196 -0.05146421631316067 0.0) 
(0.03844650596768623 -0.05313710210009758 0.0) 
(0.046216509355246745 -0.05464516462728835 0.0) 
(0.053876827079346636 -0.05464530071046161 0.0) 
(0.0616477729162457 -0.053134632118391686 0.0) 
(0.06948312182947552 -0.051442711234961906 0.0) 
(0.07669440539090039 -0.049150895665754264 0.0) 
(0.0824462550410692 -0.04096069463099067 0.0) 
)
;
	}
	left
	{
		type	fixedValue;
		value	uniform (0.0 0.0 0.0);
	}
	right
	{
		type	fixedValue;
		value	uniform (0.1 0.0 0.0);
	}
	frontAndBackPlanes
	{
		type	empty;
	}
}
