/*
 _____     _____     _____ _____ _____ _____    |  High-order Python FOAM
|  |  |___|  _  |_ _|   __|     |  _  |     |   |  Python Version: 3.10
|     | . |   __| | |   __|  |  |     | | | |   |  Code Version: 0.0
|__|__|___|__|  |_  |__|  |_____|__|__|_|_|_|   |  License: GPLv3
                |___|
*/
FoamFile
{
    version     2.0;
    format      ascii;
    class       volVectorField;
    location    "47.0";
    object     U;
}

dimensions      [0 1 0 0 0 0 0]; 

internalField   nonuniform List<vector>
100
(
(0.016514888642718148 0.034298068731297864 0.0) 
(0.020776465605777797 0.04700951046413406 0.0) 
(0.02850755448088311 0.04752886864610422 0.0) 
(0.0372849123623643 0.04957927461744734 0.0) 
(0.045891906884737155 0.050924783392064445 0.0) 
(0.054378363877049335 0.05091621565329476 0.0) 
(0.06300387002299257 0.04954112208646024 0.0) 
(0.07184473018067472 0.04747123469763881 0.0) 
(0.0794399366716462 0.0465803309961515 0.0) 
(0.08443585473905156 0.033831618372370045 0.0) 
(0.014927562645236566 0.022421560741414943 0.0) 
(0.015329771230939175 0.035898582868109756 0.0) 
(0.024670912048962483 0.0402087365156824 0.0) 
(0.034957208409612923 0.0419016906522011 0.0) 
(0.04511511798167336 0.04279423068989671 0.0) 
(0.05515694151843381 0.042772371921128975 0.0) 
(0.06533095459283234 0.04182549689192496 0.0) 
(0.07562268626461002 0.04003150893301343 0.0) 
(0.08495916847419734 0.035571816399385274 0.0) 
(0.08515380155119143 0.022302321218306734 0.0) 
(0.011123480737540013 0.012577158654233802 0.0) 
(0.011483070228169516 0.024216651421975828 0.0) 
(0.02108052474367548 0.028800127194647373 0.0) 
(0.03277543964248975 0.030702584279337194 0.0) 
(0.044378262642098265 0.031397968262745 0.0) 
(0.055839598926070114 0.031369205203492616 0.0) 
(0.06743403042028971 0.030611103728117428 0.0) 
(0.07909393719624636 0.02863795411376189 0.0) 
(0.08860437075563472 0.024050413836309455 0.0) 
(0.08895339372854738 0.012534022039914475 0.0) 
(0.011196311051356867 0.006992645571669885 0.0) 
(0.009133768433799903 0.013824924200347583 0.0) 
(0.018765607167270156 0.017255816483426056 0.0) 
(0.031152213352654265 0.018730187812734018 0.0) 
(0.04380037517180608 0.019247216462316596 0.0) 
(0.05635021872584326 0.01922283858116433 0.0) 
(0.06897865497307673 0.018658636547242674 0.0) 
(0.08131947034374154 0.01715416628932901 0.0) 
(0.09090193157322198 0.013735476660536454 0.0) 
(0.08875468392924094 0.006973313426663821 0.0) 
(0.011344011169896561 0.002235368826915869 0.0) 
(0.008350268094277299 0.004537098807417964 0.0) 
(0.017682797084656837 0.005732233735447231 0.0) 
(0.03033750971008836 0.006292770139132329 0.0) 
(0.043489048322359086 0.006484019779233643 0.0) 
(0.05660878373149431 0.006468984861195378 0.0) 
(0.06974009327511056 0.00625123662067715 0.0) 
(0.08236052435080103 0.005676043223779543 0.0) 
(0.09166204684837938 0.004491138167873393 0.0) 
(0.08866499916608384 0.0022160760094913135 0.0) 
(0.01137502314583567 -0.002190576883462186 0.0) 
(0.008352196484086097 -0.004526409853180941 0.0) 
(0.017685165668078002 -0.005743515966376204 0.0) 
(0.03033600322622236 -0.00631181879360328 0.0) 
(0.04347992445947335 -0.00651370938131155 0.0) 
(0.05659166261022275 -0.006519343704920928 0.0) 
(0.0697181920098523 -0.006327499801946595 0.0) 
(0.08234021711495094 -0.005766448879625055 0.0) 
(0.09165313673795847 -0.00455613247235204 0.0) 
(0.08863242217448071 -0.0022137223582610953 0.0) 
(0.011230517902568102 -0.006951578115873443 0.0) 
(0.009149603449374235 -0.01382256911126448 0.0) 
(0.018778580962323477 -0.01726206561209384 0.0) 
(0.03114893270185535 -0.0187339666324072 0.0) 
(0.04377346740066087 -0.019259928771405452 0.0) 
(0.05629808511112758 -0.01925810136541057 0.0) 
(0.06890853426366543 -0.018728844931455924 0.0) 
(0.08125367468183022 -0.017254502706647017 0.0) 
(0.09085637507999607 -0.013828119856443406 0.0) 
(0.08874249940779246 -0.006982039100757068 0.0) 
(0.011251513334832357 -0.012565718550410417 0.0) 
(0.011554724648789497 -0.02423319022806391 0.0) 
(0.02110873501686957 -0.02878021149273778 0.0) 
(0.03277207632491928 -0.030674521400838206 0.0) 
(0.04433600175839694 -0.03137581084840281 0.0) 
(0.055752768151418185 -0.031369254389808664 0.0) 
(0.06730977818287014 -0.03065657735512359 0.0) 
(0.07895769297484481 -0.028752471864181738 0.0) 
(0.08851801705178222 -0.024190276237097894 0.0) 
(0.08877673365773914 -0.012579758468753324 0.0) 
(0.015375603885611782 -0.022503659916553013 0.0) 
(0.015405222461402768 -0.03587429429037225 0.0) 
(0.024704117771268193 -0.04014775518824305 0.0) 
(0.034946858359739326 -0.04182596211970473 0.0) 
(0.04505644494676574 -0.04271966020888286 0.0) 
(0.05504519269436306 -0.0427171890828765 0.0) 
(0.06516056438743435 -0.04181112917683092 0.0) 
(0.0754153321281253 -0.040115123792434794 0.0) 
(0.08470928436888951 -0.03583206497157828 0.0) 
(0.08509174691739721 -0.022419980597327895 0.0) 
(0.016514703965390575 -0.034420468883147905 0.0) 
(0.020847185189822346 -0.04694102081688786 0.0) 
(0.028509522872740917 -0.04743750576265991 0.0) 
(0.037261081055990145 -0.04945876709625264 0.0) 
(0.045828913210950485 -0.05080818892745433 0.0) 
(0.05426497526810948 -0.05080674263187818 0.0) 
(0.06283674884113526 -0.049455604983955584 0.0) 
(0.07158917870479926 -0.04741198050538695 0.0) 
(0.07929487397139193 -0.04690353400745995 0.0) 
(0.08352046913897307 -0.034257927062273326 0.0) 
)
;

boundaryField
{
	bottom
	{
		type	solidTraction;
		value	nonuniform List<vector>
10
(
(0.0181612863948388 0.04032153091625068 0.0) 
(0.023709407219734007 0.049337236872749025 0.0) 
(0.030621901333661918 0.051851203264515686 0.0) 
(0.03841092907747983 0.053326976096971394 0.0) 
(0.04625696779643666 0.054697285681290765 0.0) 
(0.05401720550943537 0.05469308298025566 0.0) 
(0.06189083602123946 0.053312454557661156 0.0) 
(0.06970965039613147 0.05175693314110178 0.0) 
(0.07679393550457386 0.048930308654293465 0.0) 
(0.08292207823419913 0.03975179118105686 0.0) 
)
;
	}
	top
	{
		type	solidTraction;
		value	nonuniform List<vector>
10
(
(0.018089101631218605 -0.04043631850367863 0.0) 
(0.023699492511565702 -0.04929741028490791 0.0) 
(0.030619092439749657 -0.05174202668475021 0.0) 
(0.03837725629930244 -0.05319195495442925 0.0) 
(0.04618880872285924 -0.05455897411514961 0.0) 
(0.05390196495695717 -0.0545588847010628 0.0) 
(0.06171501210776279 -0.05318911558561677 0.0) 
(0.06948168216385632 -0.051721252989777235 0.0) 
(0.07637231940525076 -0.049226972987818376 0.0) 
(0.08189029549116382 -0.04026178555073381 0.0) 
)
;
	}
	left
	{
		type	fixedValue;
		value	uniform (0.0 0.0 0.0);
	}
	right
	{
		type	fixedValue;
		value	uniform (0.1 0.0 0.0);
	}
	frontAndBackPlanes
	{
		type	empty;
	}
}
